Filename,y_true,y_pred,p0,p1,p2,p3,p4,p5,p6,p7,p8
20171219-113902-3.jpg,8,8,0.00014722347,0.00010210276,7.1585178e-05,0.00011366606,6.5505505e-05,8.559227e-05,0.00020885468,0.00016283989,0.99902344
20180112-101728-2.jpg,8,8,0.00017046928,0.0001386404,5.9723854e-05,0.00013422966,5.7220459e-05,0.00016272068,6.2227249e-05,0.00027441978,0.99902344
20171205-144809-2.jpg,8,8,0.00073242188,0.0017900467,0.00018298626,0.00059556961,0.00013160706,0.0041770935,0.00041413307,0.017379761,0.97460938
20180109-080322-1.jpg,8,8,0.00012493134,0.00015723705,0.00010734797,0.00015592575,0.00016260147,0.00016915798,0.0035514832,0.00031328201,0.99511719
20170727-111748-3.jpg,4,4,0.00048613548,0.00021016598,0.0023555756,0.0007314682,0.98925781,0.00033283234,0.00033950806,0.00047969818,0.0057144165
20170715-102734-1.jpg,1,1,0.00089693069,0.99414062,0.00021159649,0.00036764145,0.00015676022,0.00021529198,0.00019323826,0.00074243546,0.0031757355
20171113-143535-2.jpg,6,6,0.00029587746,0.001209259,0.00016272068,7.969141e-05,0.000182271,7.4625015e-05,0.99072266,0.00025820732,0.0069541931
20170705-164308-0.jpg,7,7,0.00086164474,0.00034356117,0.0001912117,0.00078392029,0.00021839142,0.00023961067,0.00017344952,0.98681641,0.01033783
20180105-095654-3.jpg,8,8,0.00014173985,0.00013554096,0.00011855364,8.9943409e-05,0.00011247396,8.5949898e-05,0.0031147003,0.00018012524,0.99609375
20180109-095735-1.jpg,8,8,0.000192523,0.00015187263,8.9883804e-05,0.00018942356,8.8453293e-05,8.9406967e-05,8.2850456e-05,0.00045466423,0.99853516
20170811-155004-2.jpg,0,0,0.99365234,0.00024175644,0.00025606155,0.00024747849,0.00049829483,0.00027132034,0.00017249584,0.00036644936,0.004070282
20170304-132255-0.jpg,7,7,0.0010299683,0.00036859512,0.00013566017,0.00027012825,8.6843967e-05,0.00022566319,0.00010764599,0.99414062,0.0034122467
20180125-094113-2.jpg,8,8,0.00010108948,5.4359436e-05,0.00019538403,0.00043344498,0.0023574829,3.6001205e-05,7.0512295e-05,9.4413757e-05,0.99658203
20171219-093415-2.jpg,8,8,0.00022912025,0.0003619194,0.00010687113,0.00012791157,8.9287758e-05,0.00020098686,0.0001142025,0.00025963783,0.99853516
20171113-092918-1.jpg,5,5,0.00029468536,0.0013341904,0.00017237663,8.0704689e-05,0.00018799305,0.95117188,0.00042438507,0.00015795231,0.04598999
20170715-154735-1.jpg,1,1,0.00045609474,0.99462891,0.00018441677,0.00039792061,0.0001707077,0.00026607513,0.00022244453,0.00063371658,0.0029506683
20170718-132909-2.jpg,7,7,0.00095510483,0.00022494793,0.00011199713,0.00043511391,0.00010544062,0.00010687113,9.4473362e-05,0.98876953,0.0090560913
20180112-102945-2.jpg,8,8,0.00032091141,0.00013184547,9.894371e-05,0.00023555756,0.00011205673,0.00012779236,0.00025677681,0.00070858002,0.99804688
20170811-133329-2.jpg,0,0,0.99462891,0.00021779537,0.00022578239,0.00035381317,0.00036454201,0.00026321411,0.00023519993,0.00041413307,0.0033397675
20171205-143421-2.jpg,8,8,0.00039935112,0.0001989603,0.00017917156,0.00019335747,0.00012469292,0.0014944077,0.00016140938,0.00038123131,0.99707031
20180125-095732-2.jpg,8,8,9.2804432e-05,6.5147877e-05,5.0842762e-05,0.00010025501,4.0173531e-05,5.710125e-05,6.1333179e-05,7.4744225e-05,0.99951172
20171219-094001-2.jpg,8,8,0.0060310364,0.010543823,0.00016498566,0.00039386749,0.00012117624,0.0002194643,0.00015592575,0.0005273819,0.98193359
20170714-134040-1.jpg,1,1,0.00034952164,0.99169922,0.00026512146,0.00042247772,0.0002374649,0.00036168098,0.00036215782,0.00055646896,0.0058784485
20170714-122402-3.jpg,1,1,0.00051259995,0.99462891,0.00023984909,0.00044322014,0.00023496151,0.00021970272,0.0003118515,0.00049257278,0.0029087067
20180119-105326-1.jpg,8,8,0.0001437664,0.00028300285,0.00010704994,0.00010955334,0.00017023087,0.0003194809,0.0022277832,0.00034236908,0.99609375
20171121-084334-1.jpg,6,6,0.00013411045,0.00017082691,8.4400177e-05,7.3492527e-05,0.00014138222,5.4240227e-05,0.99609375,0.00015616417,0.0031890869
20180125-134446-3.jpg,8,8,0.00015521049,0.00011593103,0.00010329485,0.00012290478,7.045269e-05,7.9035759e-05,0.0001244545,0.00044989586,0.99853516
20180322-130127-1.jpg,8,8,7.5221062e-05,6.788969e-05,5.9306622e-05,0.0001205802,6.2346458e-05,6.6459179e-05,5.6803226e-05,0.00013375282,0.99951172
20170729-093519-2.jpg,4,4,0.00037956238,0.00017392635,0.00062847137,0.00042843819,0.99267578,0.00021421909,0.00021064281,0.00037479401,0.0047836304
20180119-110410-2.jpg,8,8,0.00021612644,0.00029039383,8.5890293e-05,8.7797642e-05,7.8201294e-05,9.5963478e-05,0.00014162064,0.00036263466,0.99853516
20170714-114700-3.jpg,1,1,0.00064229965,0.97607422,0.00035142899,0.00081682205,0.00040078163,0.00052452087,0.0024681091,0.0012025833,0.017440796
20180112-080950-1.jpg,8,8,0.00010061264,0.00015556812,8.4459782e-05,0.00028657913,8.4042549e-05,0.00011467934,0.00010865927,0.00022816658,0.99902344
20170707-111548-0.jpg,7,7,0.037322998,0.01159668,0.00081253052,0.0013875961,0.00083732605,0.00068950653,0.00034952164,0.93212891,0.01499176
20171205-123507-2.jpg,8,8,0.00029683113,0.00040912628,0.00018060207,0.00011706352,0.00012010336,0.0020198822,0.00014173985,0.00049591064,0.99609375
20171113-060610-1.jpg,5,5,0.00024318695,0.00029301643,0.00015997887,0.00032186508,0.00016796589,0.99267578,0.00018584728,0.00025439262,0.0056610107
20180109-080707-2.jpg,8,8,0.00012278557,7.4207783e-05,0.00012946129,7.2538853e-05,9.649992e-05,7.5936317e-05,0.00013637543,0.00021147728,0.99902344
20171113-092826-3.jpg,5,5,0.00029277802,0.00024461746,0.00017929077,0.00012266636,0.00016903877,0.99267578,0.00019919872,0.00036001205,0.0058059692
20171109-070949-3.jpg,5,5,0.00021648407,0.00012147427,0.00014066696,0.00011754036,0.00012373924,0.99707031,0.00010329485,0.000228405,0.0019207001
20180109-102721-2.jpg,8,8,0.00046920776,0.00022900105,0.0003619194,0.00077581406,0.0003798008,0.0003426075,0.00034070015,0.0011482239,0.99609375
20170706-110116-0.jpg,7,7,0.00077915192,0.00030088425,0.00025367737,0.00059223175,0.00025272369,0.00037288666,0.00041985512,0.99267578,0.0045547485
20171122-102759-1.jpg,5,5,0.00028944016,0.00021910667,0.00020742416,0.00014078617,0.00018024445,0.99316406,0.00013542175,0.00024247169,0.0056190491
20170727-115706-3.jpg,4,4,0.00027227402,0.0001655817,0.0012674332,0.0004093647,0.99267578,0.00021719933,0.00025129318,0.00033593178,0.0041618347
20170126-100130-0.jpg,1,1,0.00046467781,0.99316406,0.00020074844,0.00049543381,0.0002477169,0.00031518936,0.00025582314,0.00061130524,0.0041236877
20170913-100453-2.jpg,3,3,0.00037455559,0.00034713745,0.00035071373,0.99462891,0.00045919418,0.00070571899,0.00013780594,0.00034093857,0.0028953552
20171025-082301-2.jpg,3,3,0.00045418739,0.00032567978,0.00037932396,0.99169922,0.00046157837,0.00024533272,0.00020062923,0.00044226646,0.005569458
20170127-101745-0.jpg,1,1,0.00041627884,0.99316406,0.00021231174,0.00043010712,0.00017619133,0.00030684471,0.00029230118,0.00054693222,0.0046844482
20170729-093119-1.jpg,4,4,0.00083208084,0.00022566319,0.00035071373,0.00058221817,0.98876953,0.00027990341,0.00024819374,0.0011081696,0.007774353
20170410-153511-0.jpg,0,0,0.79638672,0.0013628006,0.00016021729,0.00032281876,0.00023078918,0.00034713745,0.00014555454,0.001209259,0.1998291
20180112-075622-2.jpg,8,8,0.00018036366,0.0001783371,9.3102455e-05,0.00055789948,0.00012302399,0.00010979176,6.0617924e-05,0.00039362907,0.99853516
20171218-104106-3.jpg,8,8,0.0003118515,0.00041270256,0.00017297268,0.0007853508,0.00010824203,0.00022315979,0.00017821789,0.00029587746,0.99755859
20170906-110733-2.jpg,3,3,0.00078058243,0.00041007996,0.00059700012,0.98876953,0.0018415451,0.00022089481,0.00038409233,0.00050115585,0.0065536499
20180322-114522-1.jpg,8,8,0.00016081333,0.00012552738,9.6380711e-05,0.00020611286,8.2373619e-05,9.5248222e-05,5.9962273e-05,0.00021111965,0.99902344
20170714-150245-1.jpg,1,1,0.00036716461,0.99365234,0.00024843216,0.00040626526,0.00030016899,0.00019693375,0.00023818016,0.00056505203,0.0042228699
20180109-101349-2.jpg,8,8,0.00010412931,0.0001989603,6.7293644e-05,8.481741e-05,7.891655e-05,0.00017082691,0.00022518635,0.00017166138,0.99902344
20171025-092922-2.jpg,3,3,0.00055932999,0.0003798008,0.00048780441,0.98974609,0.00072860718,0.00033211708,0.00032711029,0.00044465065,0.0070648193
20180109-080525-2.jpg,8,8,8.7320805e-05,0.00010180473,0.00012683868,8.5115433e-05,0.00011879206,7.5399876e-05,0.00037193298,0.00024724007,0.99902344
20171218-111840-2.jpg,8,8,0.0001989603,0.00015318394,0.0048294067,0.00070714951,0.00026345253,0.00027894974,0.00014328957,0.00027227402,0.99316406
20170711-114614-0.jpg,7,7,0.00079298019,0.00060272217,0.00069665909,0.00084257126,0.00050163269,0.00034594536,0.00018000603,0.98876953,0.0070724487
20180109-094529-2.jpg,8,8,0.15222168,0.00010627508,0.00010585785,0.0001180768,0.00018572807,0.000685215,6.9439411e-05,0.00049257278,0.84619141
20170913-121334-3.jpg,3,3,0.00075817108,0.00048708916,0.00048518181,0.99121094,0.00069332123,0.00069618225,0.00032663345,0.00052642822,0.0048103333
20170811-104216-2.jpg,0,0,0.97558594,0.0005030632,0.00048136711,0.00048971176,0.00051832199,0.00040650368,0.00023853779,0.00054073334,0.021255493
20171219-102358-3.jpg,8,8,0.00031709671,0.00021791458,0.00016546249,0.00027990341,0.00014126301,0.00014126301,0.00013315678,0.00040650368,0.99804688
20171025-080908-1.jpg,3,3,0.00067472458,0.00032973289,0.00033760071,0.98876953,0.00043010712,0.00029850006,0.00024366379,0.00044465065,0.0084457397
20180109-101307-2.jpg,8,8,0.00020444393,0.00033283234,0.00010997057,0.00021743774,0.00016736984,0.00026774406,0.00017225742,0.00033926964,0.99804688
20180109-091303-2.jpg,8,8,0.0001193881,0.00026369095,6.1810017e-05,8.9764595e-05,6.6876411e-05,0.0008149147,0.00010842085,0.0002361536,0.99804688
20180112-102353-1.jpg,8,8,0.00020849705,0.00020420551,0.00019598007,0.00013482571,0.00024580956,0.00015890598,0.078369141,0.00032925606,0.91992188
20180322-105259-1.jpg,8,8,0.00010955334,9.4354153e-05,7.3075294e-05,0.00010800362,9.1135502e-05,5.453825e-05,4.529953e-05,0.00014507771,0.99951172
20180125-135144-3.jpg,8,8,0.00019729137,0.00011724234,0.00013720989,0.00012755394,0.00013613701,6.3061714e-05,0.00013291836,0.00036144257,0.99853516
20180105-095929-2.jpg,8,8,0.00010997057,6.1571598e-05,0.00010639429,7.6532364e-05,8.2194805e-05,7.2717667e-05,0.00012540817,0.00021886826,0.99902344
20170920-162202-3.jpg,2,2,0.00022768974,0.00020837784,0.99462891,0.00034546852,0.00067043304,0.00017011166,0.00019276142,0.00026130676,0.0033931732
20180322-111858-2.jpg,8,8,0.00022494793,0.00016343594,0.00012600422,0.00023961067,0.00013530254,0.00011563301,0.0001282692,0.0002925396,0.99853516
20170129-102218-0.jpg,8,8,0.00030326843,0.00053071976,0.00038552284,0.00045394897,0.00018811226,0.00020861626,7.468462e-05,0.00025367737,0.99755859
20180112-071131-2.jpg,8,8,0.00021648407,0.00022578239,0.0001295805,0.00048184395,0.00024580956,0.00011998415,8.2731247e-05,0.00015318394,0.99853516
20180125-094825-1.jpg,8,8,7.891655e-05,6.6399574e-05,6.4849854e-05,8.3863735e-05,5.1736832e-05,6.5326691e-05,9.7870827e-05,0.00014281273,0.99951172
20170920-140215-2.jpg,2,2,0.00018644333,0.00014531612,0.99462891,0.00025558472,0.00052118301,9.0777874e-05,0.00010842085,0.00016260147,0.0039100647
20171217-100549-2.jpg,8,8,0.00010752678,9.1969967e-05,7.7188015e-05,0.00010567904,7.545948e-05,7.7843666e-05,5.4895878e-05,0.00022017956,0.99902344
20171219-113753-2.jpg,8,8,0.00043964386,0.00014507771,0.0073280334,0.0001398325,0.0011901855,0.00026464462,0.00017952919,0.00015723705,0.99023438
20180109-080501-2.jpg,8,8,0.00022649765,0.00019109249,0.00042819977,0.00012624264,0.00016331673,0.0001052618,0.0011777878,0.00058794022,0.99707031
20180109-105226-2.jpg,8,8,0.00039315224,0.00027036667,0.00013577938,0.00036358833,0.00013303757,0.00014102459,8.136034e-05,0.00093698502,0.99755859
20170129-103957-0.jpg,8,8,0.00036382675,0.00051832199,0.00029778481,0.00032258034,0.00015521049,0.00015544891,7.8499317e-05,0.0010185242,0.99707031
20180112-083518-1.jpg,8,8,0.00012814999,0.00015592575,6.5982342e-05,0.00026726723,7.4088573e-05,9.2029572e-05,8.0347061e-05,0.00025773048,0.99902344
20180109-100224-2.jpg,8,8,0.00096130371,0.0053634644,0.00030112267,0.0004067421,0.00035405159,0.00093126297,0.016433716,0.00099945068,0.97412109
20170728-150022-1.jpg,4,4,0.00046253204,0.00016105175,0.00069570541,0.00037002563,0.99365234,0.00021505356,0.0002194643,0.00040340424,0.00365448
20180105-093005-3.jpg,8,8,0.00014603138,0.00035810471,0.00010579824,0.00011754036,0.00011539459,0.00011271238,0.0026702881,0.0001847744,0.99609375
20171220-084225-2.jpg,8,8,0.00032067299,0.00047397614,0.00024020672,0.00043606758,0.00014412403,0.00041627884,0.00015437603,0.00065660477,0.99707031
20170610-122438-0.jpg,1,1,0.0003349781,0.97802734,0.00017094612,0.00039505959,0.00015556812,0.00026607513,0.00014877319,0.00050210953,0.019760132
20171108-125806-3.jpg,5,5,0.00034832954,0.00027108192,0.00030827522,0.00023555756,0.00027894974,0.99511719,0.00021779537,0.00041985512,0.003030777
20171205-142945-2.jpg,8,8,0.00022029877,0.0002644062,0.00010144711,0.0001322031,0.0001077652,0.00045633316,0.00010347366,0.00016582012,0.99853516
20180109-104711-1.jpg,8,8,0.00016760826,0.00011885166,0.00014734268,0.00034570694,0.00020861626,7.2181225e-05,8.6724758e-05,0.00031709671,0.99853516
20171219-102609-3.jpg,8,8,0.00041913986,8.6545944e-05,9.4771385e-05,0.00012075901,7.301569e-05,0.00015878677,5.7637691e-05,0.00018179417,0.99902344
20170304-132134-0.jpg,7,7,0.003868103,0.00038743019,0.0001065731,0.00022649765,0.00010699034,0.00018489361,8.9764595e-05,0.98828125,0.0069313049
20171109-091146-3.jpg,5,5,0.00031852722,0.00041246414,0.00019931793,0.00034070015,0.00014841557,0.98583984,0.00019776821,0.00036716461,0.012382507
20170728-154142-1.jpg,4,4,0.00036215782,0.00022268295,0.00053119659,0.00052070618,0.99267578,0.00028300285,0.00019669533,0.00037145615,0.0048408508
20171220-090745-3.jpg,8,8,0.00047922134,0.0002143383,8.636713e-05,0.0010986328,0.00013375282,0.00016021729,0.00014126301,0.0033226013,0.99414062
20180112-093656-2.jpg,8,8,0.00028681755,0.00021088123,0.00011324883,0.00032067299,0.00012397766,0.00015723705,0.00012159348,0.00085639954,0.99804688
20180112-103015-1.jpg,8,8,0.0001937151,0.00017380714,7.9810619e-05,0.00013506413,8.0108643e-05,0.00010222197,0.00013363361,0.00024747849,0.99902344
20180105-095642-2.jpg,8,8,7.4446201e-05,6.210804e-05,8.815527e-05,6.2763691e-05,7.9333782e-05,5.9962273e-05,0.00014305115,0.00014269352,0.99951172
20170727-130526-1.jpg,4,4,0.00044298172,0.00026679039,0.0010538101,0.00052547455,0.99267578,0.00030708313,0.00032877922,0.00043392181,0.0038566589
20170729-085730-2.jpg,4,4,0.00042819977,0.00020289421,0.00049495697,0.00056600571,0.99121094,0.00023877621,0.00021636486,0.00041818619,0.0062294006
20171203-170822-3.jpg,8,8,8.4996223e-05,0.00014519691,5.865097e-05,7.1287155e-05,6.0737133e-05,8.4102154e-05,7.9989433e-05,0.00013279915,0.99951172
20171113-123916-3.jpg,6,6,0.00013196468,0.00033140182,0.00016665459,8.5771084e-05,0.00020372868,0.00012218952,0.99560547,0.00021147728,0.0032978058
20180109-071353-2.jpg,8,8,0.00013375282,0.00011825562,0.00014877319,0.00020599365,0.00014388561,7.3850155e-05,0.00026416779,0.00040173531,0.99853516
20170217-113329-0.jpg,0,0,0.95214844,0.0019073486,0.00070571899,0.0011997223,0.0006403923,0.0016012192,0.0012311935,0.0027446747,0.037780762
20170210-142040-0.jpg,7,7,0.00070953369,0.0005903244,0.00013995171,0.00030040741,9.1314316e-05,0.00018656254,0.00016474724,0.9921875,0.0057067871
20170217-115708-0.jpg,0,0,0.98583984,0.00025057793,0.00012648106,0.00014448166,0.00010818243,0.00011742115,8.2314014e-05,0.0003631115,0.013076782
20180109-103135-1.jpg,8,8,0.00018501282,0.00017845631,0.00014328957,0.00015223026,0.00016665459,8.4519386e-05,0.00012016296,0.00035381317,0.99853516
20180112-080825-1.jpg,8,8,0.00014591217,0.00023984909,8.7201595e-05,0.00017499924,0.00011444092,0.00010347366,0.00010889769,0.00027656555,0.99853516
20180112-091819-2.jpg,8,8,8.0704689e-05,5.9068203e-05,6.7651272e-05,9.6261501e-05,5.865097e-05,7.5221062e-05,5.7697296e-05,0.00011944771,0.99951172
20171212-094638-3.jpg,8,8,0.0001411438,0.00023877621,8.815527e-05,9.4771385e-05,8.7976456e-05,0.00017035007,0.00017130375,0.00023066998,0.99853516
20180125-092209-2.jpg,8,8,0.00013566017,0.00014734268,6.1929226e-05,0.00010472536,6.6816807e-05,7.1942806e-05,6.9320202e-05,0.000197649,0.99902344
20171102-120350-1.jpg,2,2,0.00026607513,0.00022578239,0.99316406,0.00027990341,0.00097608566,0.00020051003,0.00017464161,0.00030398369,0.0045890808
20180109-110049-1.jpg,8,8,0.00051021576,0.00017488003,8.4996223e-05,0.00032353401,0.00010430813,0.00010442734,8.4996223e-05,0.0004901886,0.99804688
20171220-084017-2.jpg,8,8,0.00077152252,0.00023186207,0.00016391277,0.00018131733,0.00010049343,0.00025439262,7.4863434e-05,0.00035643578,0.99804688
20180109-091734-1.jpg,8,8,0.0011262894,0.00055265427,0.00031042099,0.00069761276,0.00024700165,0.00058507919,0.00061178207,0.0012626648,0.99462891
20170404-154343-0.jpg,7,7,0.00075435638,0.00033926964,0.00021350384,0.00034022331,0.00017023087,0.00033092499,0.0002374649,0.99267578,0.0050964355
20180119-105106-2.jpg,8,8,0.0001462698,0.00017213821,0.00011712313,0.00011843443,6.1035156e-05,7.3730946e-05,0.00031018257,0.0002617836,0.99853516
20171025-092008-2.jpg,3,3,0.00044465065,0.00040555,0.00039148331,0.99267578,0.00058412552,0.00031924248,0.00025963783,0.00054264069,0.0044174194
20170630-154144-0.jpg,8,8,0.00054645538,0.0011768341,0.00017297268,0.00016057491,0.00013899803,0.00014507771,0.00044417381,0.0017023087,0.99560547
20171219-094908-3.jpg,8,8,0.00025177002,0.00013399124,0.00015234947,0.00020420551,0.00015866756,0.00015163422,9.4294548e-05,0.00029873848,0.99853516
20180322-104556-1.jpg,8,8,0.00010055304,6.4969063e-05,5.1617622e-05,0.00014078617,8.6784363e-05,6.633997e-05,5.8114529e-05,0.00015389919,0.99951172
20171113-100350-3.jpg,5,5,0.00038218498,0.00031614304,0.00022017956,0.00028610229,0.00020885468,0.99609375,0.00020718575,0.00038099289,0.0021286011
20180125-100053-1.jpg,8,8,9.4532967e-05,9.7334385e-05,8.0168247e-05,0.0001116991,5.0902367e-05,0.00015163422,0.00012505054,0.00014746189,0.99902344
20180109-071727-2.jpg,8,8,0.00017917156,0.00011509657,9.8824501e-05,0.00015294552,0.00010490417,6.7949295e-05,0.00028014183,0.00035500526,0.99853516
20171025-095141-3.jpg,3,3,0.00051259995,0.00030851364,0.00071239471,0.9921875,0.00088453293,0.00024354458,0.00017368793,0.00050163269,0.0044593811
20170217-111616-0.jpg,0,0,0.99462891,0.00017237663,9.3579292e-05,0.00010335445,0.00010436773,0.00016200542,9.8407269e-05,0.0012187958,0.0034999847
20180125-101105-1.jpg,8,8,0.00026392937,0.00018072128,0.00056171417,0.00046372414,0.0018787384,0.0001462698,0.00035619736,0.00029301643,0.99609375
20171219-114710-2.jpg,8,8,0.00018036366,0.00022935867,0.0010786057,6.2763691e-05,0.00019109249,7.4565411e-05,7.4386597e-05,0.00023305416,0.99804688
20180109-103842-1.jpg,8,8,0.00018465519,9.1552734e-05,0.00011396408,0.00031018257,0.0001347065,8.1777573e-05,9.9897385e-05,0.00047492981,0.99853516
20171219-102731-3.jpg,8,8,0.00016379356,0.0001283884,9.4532967e-05,0.00021219254,7.9452991e-05,0.00012660027,8.4877014e-05,0.00025463104,0.99902344
20170718-132824-2.jpg,7,7,0.0014657974,0.001493454,0.000202775,0.0004901886,0.00013947487,0.00027227402,0.00015616417,0.99169922,0.0041503906
20171220-092741-2.jpg,8,8,0.0013036728,0.00032615662,0.00024986267,0.0021495819,0.00012683868,0.0012025833,0.0001295805,0.00036001205,0.99414062
20171219-101145-2.jpg,8,8,0.00032305717,0.00015687943,0.00016188622,0.0001283884,9.8049641e-05,0.00013005733,7.0095062e-05,0.00033569336,0.99853516
20171220-084427-3.jpg,8,8,9.9658966e-05,9.9360943e-05,7.2479248e-05,9.0956688e-05,7.5519085e-05,9.3698502e-05,5.9306622e-05,0.00012946129,0.99951172
20180125-094923-2.jpg,8,8,9.0301037e-05,5.1498413e-05,6.300211e-05,0.00012814999,4.5657158e-05,9.4115734e-05,5.0604343e-05,9.3996525e-05,0.99951172
20180125-134014-3.jpg,8,8,0.00010162592,0.00012922287,9.3221664e-05,0.00018167496,5.7458878e-05,6.3359737e-05,0.0001128912,0.00021767616,0.99902344
20170729-090610-2.jpg,4,4,0.00040817261,0.00018358231,0.00059890747,0.00042772293,0.99316406,0.0002052784,0.00022411346,0.00040984154,0.0045051575
20180125-131611-2.jpg,8,8,0.00010305643,7.5817108e-05,6.6816807e-05,0.00010377169,5.1915646e-05,7.301569e-05,5.7697296e-05,0.00012767315,0.99951172
20170727-150343-3.jpg,4,4,0.00039100647,0.00011879206,0.00049638748,0.00044178963,0.99121094,0.00021207333,0.00022768974,0.00034713745,0.0063819885
20170913-121031-3.jpg,3,3,0.00052309036,0.00039291382,0.00035738945,0.99023438,0.00076723099,0.00052261353,0.00017917156,0.0005402565,0.0063247681
20171102-095824-1.jpg,4,4,0.00058174133,0.000202775,0.017089844,0.0011520386,0.95849609,0.00023889542,0.00031542778,0.00040531158,0.021514893
20171113-153310-0.jpg,6,6,0.00030875206,0.00085830688,0.00026297569,0.00019347668,0.00029826164,0.00027298927,0.99511719,0.00033044815,0.0025863647
20171218-104940-3.jpg,8,8,0.0001449585,0.00017535686,5.8472157e-05,0.0001142621,5.543232e-05,0.0001732111,0.00012111664,0.00017762184,0.99902344
20171109-195110-1.jpg,5,5,0.00039219856,0.00093650818,0.00043964386,0.00044226646,0.00048923492,0.99023438,0.00026011467,0.00045585632,0.0065231323
20180119-115347-1.jpg,8,8,0.00012201071,0.00013828278,0.0001193285,9.6380711e-05,7.4148178e-05,0.00012218952,0.00030589104,0.00042700768,0.99853516
20180322-115128-1.jpg,8,8,7.0631504e-05,7.0691109e-05,6.7651272e-05,9.1314316e-05,5.8233738e-05,8.5771084e-05,5.4717064e-05,0.00012153387,0.99951172
20170126-100311-0.jpg,1,1,0.00038027763,0.99023438,0.00030779839,0.00073242188,0.00026249886,0.00029778481,0.00036525726,0.00074625015,0.0064811707
20180112-100705-1.jpg,8,8,0.0001347065,9.1791153e-05,6.5743923e-05,0.00012183189,7.9929829e-05,7.379055e-05,0.00011950731,0.00021898746,0.99902344
20171212-101621-3.jpg,8,8,0.0004863739,0.0025463104,0.00023984909,0.00018298626,0.00015902519,0.00018334389,0.00023722649,0.00053119659,0.99560547
20170920-131020-2.jpg,2,2,0.00039172173,0.00036764145,0.98974609,0.00020325184,0.0014276505,0.00031495094,0.00023567677,0.00029230118,0.0068283081
20170718-100650-2.jpg,0,0,0.96923828,0.020950317,0.00019454956,0.00081014633,0.00036263466,0.00030732155,0.0003054142,0.00068902969,0.0071716309
20171218-112523-3.jpg,8,8,0.00011515617,9.0718269e-05,5.5372715e-05,0.00012481213,5.1379204e-05,0.00022768974,8.3088875e-05,0.00017762184,0.99902344
20180109-110057-2.jpg,8,8,0.00021314621,0.0001500845,0.00025200844,0.00018441677,0.00016224384,8.5413456e-05,8.3863735e-05,0.00036263466,0.99853516
20170630-150516-0.jpg,7,7,0.0013847351,0.001291275,0.00046110153,0.0005812645,0.00027537346,0.00026655197,0.00026965141,0.98925781,0.0063362122
20171025-081930-1.jpg,3,3,0.00098228455,0.00074338913,0.00047802925,0.99072266,0.00066375732,0.00041127205,0.00030326843,0.00079250336,0.0048904419
20171220-091645-3.jpg,8,8,0.0044403076,0.00062227249,0.00077199936,0.0010633469,0.00032663345,0.00072813034,0.00024080276,0.00091695786,0.99072266
20170727-130226-3.jpg,4,4,0.00026392937,0.00021898746,0.00054979324,0.0004298687,0.99316406,0.00032877922,0.00023126602,0.00032305717,0.0044021606
20171220-092523-3.jpg,8,8,0.0002040863,0.00028204918,0.00014483929,0.00030493736,0.00015175343,0.00031495094,0.00018024445,0.00032043457,0.99804688
20170728-122348-3.jpg,4,4,0.00046253204,0.00019431114,0.00038790703,0.00042676926,0.96630859,0.00024700165,0.00028777122,0.0003991127,0.031494141
20170913-100131-2.jpg,3,3,0.0013151169,0.0005736351,0.00068187714,0.9765625,0.010383606,0.00057888031,0.00042009354,0.00098991394,0.0085678101
20180125-131845-2.jpg,8,8,8.6545944e-05,8.9108944e-05,6.0021877e-05,7.969141e-05,4.8875809e-05,8.9287758e-05,6.4373016e-05,0.00013542175,0.99951172
20171109-071248-3.jpg,5,5,0.00039601326,0.00038576126,0.00018596649,0.00019860268,0.00026679039,0.99511719,0.00021076202,0.0004196167,0.0027217865
20170913-123129-3.jpg,3,3,0.00056219101,0.00031781197,0.00025653839,0.98583984,0.00030326843,0.00064706802,0.00017571449,0.00033259392,0.011436462
20171212-100725-3.jpg,8,8,0.00020754337,0.00039196014,0.00010436773,0.00022792816,0.00012177229,0.00020623207,0.0001333952,0.00045776367,0.99804688
20170217-103728-0.jpg,0,0,0.99267578,0.00039124489,0.00026392937,0.00027680397,0.00024199486,0.00029993057,0.00027441978,0.00091266632,0.0047416687
20170906-111845-1.jpg,3,3,0.00046753883,0.00062131882,0.00040841103,0.98632812,0.00071668625,0.00019621849,0.00023877621,0.00042891502,0.010787964
20171113-142238-2.jpg,6,6,0.00027918816,0.00057077408,0.0003657341,0.00015044212,0.00038957596,0.00027084351,0.99414062,0.00047016144,0.0035991669
20180112-072353-1.jpg,8,8,0.00013911724,0.00024652481,0.00012075901,0.00020945072,0.00013160706,0.0001206398,0.00017929077,0.00024271011,0.99853516
20170304-130256-0.jpg,7,7,0.00044131279,0.00031423569,0.00017988682,0.00034976006,0.00016212463,0.00018703938,0.00014841557,0.99462891,0.003484726
20171220-092845-2.jpg,8,8,0.00058794022,0.00047183037,0.00032973289,0.00038743019,0.00022816658,0.00030016899,0.0003054142,0.0007853508,0.99658203
20171113-103847-0.jpg,6,6,0.00014281273,0.00016510487,0.00017976761,7.2658062e-05,0.00020372868,9.4234943e-05,0.99707031,0.00016462803,0.0019569397
20170811-163012-1.jpg,0,0,0.99169922,0.00023961067,0.00037193298,0.00034427643,0.00032663345,0.00029039383,0.00020217896,0.00061273575,0.0057830811
20180119-105244-1.jpg,8,8,0.00013518333,0.00060796738,6.3478947e-05,0.00010222197,0.0001783371,0.00019609928,0.0011730194,0.00021731853,0.99755859
20180119-115240-2.jpg,8,8,0.00034880638,0.00036382675,0.00024020672,0.00016188622,0.00016379356,0.00016367435,0.00012183189,0.00036430359,0.99804688
20170610-121802-0.jpg,1,1,0.00052452087,0.96386719,9.1731548e-05,0.00042057037,6.8604946e-05,0.00023245811,0.00053501129,0.00022053719,0.033843994
20170705-163616-0.jpg,7,7,0.0022907257,0.00046896935,0.0002374649,0.0013837814,0.00022041798,0.00027632713,0.00017273426,0.98828125,0.0065612793
20180112-082805-1.jpg,8,8,0.00020825863,0.00016927719,0.00010591745,0.00025129318,0.00013005733,0.0001038909,0.00010633469,0.00034427643,0.99853516
20171219-112449-3.jpg,8,8,0.00039076805,0.0001475811,0.00082731247,0.00018692017,0.00077819824,6.5505505e-05,0.00012302399,0.0002822876,0.99707031
20180109-103632-2.jpg,8,8,0.0009522438,0.00020122528,0.00097417831,0.0009098053,0.0020484924,0.00012111664,0.00031661987,0.0034694672,0.99121094
20180125-100406-2.jpg,8,8,0.00010895729,0.00011622906,0.00010246038,0.00020420551,8.3088875e-05,0.00020539761,0.0002361536,0.00017845631,0.99853516
20171219-114148-2.jpg,8,8,0.00013017654,0.00010079145,0.00015521049,0.00011998415,9.5427036e-05,7.3850155e-05,9.8884106e-05,0.00024700165,0.99902344
20180105-093132-2.jpg,8,8,0.00014591217,0.00019180775,0.00028014183,0.00013387203,0.000228405,9.6440315e-05,0.020339966,0.00029349327,0.97851562
20180112-080419-1.jpg,8,8,0.0011558533,0.0046653748,0.00014710426,0.00031685829,0.00034236908,0.00019907951,0.00024211407,0.00088500977,0.9921875
20170920-115235-3.jpg,2,2,0.00018620491,0.00021076202,0.99511719,0.00024354458,0.00063371658,0.0001488924,0.00022876263,0.00024652481,0.002948761
20170210-133806-0.jpg,0,0,0.984375,0.00041866302,0.00021195412,0.00022125244,0.0002065897,0.00050258636,0.00015902519,0.0007815361,0.013237
20171025-093113-3.jpg,3,3,0.00041604042,0.00029706955,0.00032234192,0.99072266,0.00040793419,0.00023138523,0.00015759468,0.00040173531,0.0070152283
20180109-100707-2.jpg,8,8,0.00067138672,0.0003592968,0.00067472458,0.0038261414,0.00076675415,0.00022995472,0.00034570694,0.0013227463,0.99169922
20170714-141902-3.jpg,1,1,0.00038409233,0.99511719,0.0001680851,0.00040173531,0.00015676022,0.00023233891,0.00021803379,0.000623703,0.0026302338
20171220-100509-1.jpg,8,8,0.0001449585,0.0001565218,0.00013434887,0.00021123886,9.9599361e-05,0.00016403198,9.0241432e-05,0.00023508072,0.99853516
20170210-150110-0.jpg,0,0,0.98974609,9.5486641e-05,0.0001360178,0.00015068054,0.00019478798,0.00019156933,0.00016117096,0.0020885468,0.0072593689
20180109-075037-2.jpg,8,8,0.00035238266,0.00052690506,0.00096035004,0.00018012524,0.00056934357,0.000243783,0.012893677,0.00047588348,0.98388672
20170714-120648-3.jpg,1,1,0.00038576126,0.99609375,0.00012075901,0.00028371811,0.00013661385,0.00013625622,0.00018537045,0.00084638596,0.001996994
20171212-102719-3.jpg,8,8,0.00025248528,0.00020384789,0.00012803078,0.00016915798,8.970499e-05,9.2864037e-05,8.4042549e-05,0.0003247261,0.99853516
20170715-104352-1.jpg,1,1,0.00034046173,0.99365234,0.00019419193,0.00040435791,0.00021839142,0.00026655197,0.00051736832,0.00066566467,0.0037994385
20171121-091114-3.jpg,6,6,0.00016736984,0.00014412403,0.00013482571,8.8810921e-05,0.000192523,9.2744827e-05,0.99511719,0.0001513958,0.0036811829
20170811-110245-2.jpg,0,0,0.99316406,0.00030493736,0.00027871132,0.00033450127,0.00036263466,0.00033426285,0.00023722649,0.00055599213,0.0043792725
20180112-094331-2.jpg,8,8,0.00017690659,0.00011849403,0.00010591745,0.00044775009,0.0001437664,6.3836575e-05,7.0929527e-05,0.00027775764,0.99853516
20170920-095000-2.jpg,2,2,0.00015127659,0.00018000603,0.99169922,0.00015354156,0.00064706802,9.483099e-05,0.00015163422,0.0001937151,0.0066184998
20170920-163450-3.jpg,2,2,0.00025510788,0.00024175644,0.99511719,0.00016248226,0.00040268898,0.00015449524,0.00012886524,0.00017988682,0.0034236908
20180119-115245-1.jpg,8,8,0.00017023087,0.00028610229,0.00017869473,0.00015437603,8.9406967e-05,0.00015127659,0.00039982796,0.00041055679,0.99804688
20180119-105107-2.jpg,8,8,0.00016570091,0.00011914968,0.00013411045,0.00010043383,5.8889389e-05,6.2823296e-05,9.6082687e-05,0.00033116341,0.99902344
20180109-091709-2.jpg,8,8,0.00013673306,0.00012302399,8.6307526e-05,0.00013077259,9.2446804e-05,0.00012302399,7.3313713e-05,0.00022113323,0.99902344
20170714-141813-3.jpg,1,1,0.00029754639,0.99560547,0.00014340878,0.00029420853,0.00012350082,0.00018715858,0.00018143654,0.00053882599,0.0027313232
20170913-100613-2.jpg,3,3,0.0005698204,0.0005531311,0.00034284592,0.99316406,0.00061893463,0.00057649612,0.00018942356,0.00040006638,0.0035018921
20170811-134256-1.jpg,0,0,0.99365234,0.00013804436,0.00017845631,0.00026321411,0.00029063225,0.0001282692,0.00015330315,0.00044941902,0.0045166016
20171218-121252-2.jpg,8,8,0.00010943413,0.00011718273,8.0883503e-05,0.0001449585,7.0154667e-05,0.00015985966,0.00013327599,0.0001732111,0.99902344
20180322-132753-1.jpg,8,8,9.3996525e-05,6.0021877e-05,8.3744526e-05,0.00015890598,7.6472759e-05,0.00011324883,9.7155571e-05,0.00017535686,0.99902344
20171219-112019-3.jpg,8,8,0.00026154518,0.00013875961,0.00018966198,0.00076389313,0.0076332092,0.00020182133,0.00046443939,0.00016415119,0.99023438
20170913-104437-2.jpg,3,3,0.00035214424,0.00033950806,0.00031256676,0.9921875,0.00045418739,0.00050163269,0.00017488003,0.00044703484,0.0052490234
20180119-113519-2.jpg,8,8,0.00012111664,0.00022685528,7.4148178e-05,8.0227852e-05,0.00011062622,0.00013637543,6.6101551e-05,0.0001475811,0.99902344
20171113-135026-1.jpg,6,6,0.00016844273,0.00020933151,0.0001424551,5.197525e-05,0.00017213821,8.9526176e-05,0.99658203,0.00022101402,0.0023193359
20171113-141326-2.jpg,6,6,0.00019621849,0.00047111511,0.00019800663,0.00011581182,0.00024235249,0.00014603138,0.99609375,0.00034356117,0.0020961761
20171212-094332-1.jpg,8,8,0.00013267994,0.00020217896,0.00011909008,0.00019872189,9.3102455e-05,0.0001604557,0.00011795759,0.0002168417,0.99853516
20180322-121222-2.jpg,8,8,0.00014197826,0.00014817715,8.1956387e-05,0.00017952919,8.5294247e-05,9.7334385e-05,8.8214874e-05,0.00020682812,0.99902344
20171109-073713-1.jpg,5,5,0.00023233891,0.00040745735,0.00025343895,0.00015807152,0.00026988983,0.99169922,0.00017499924,0.00033378601,0.0062599182
20180119-105118-2.jpg,8,8,0.0001322031,0.0002065897,9.6559525e-05,0.00012385845,5.7578087e-05,0.00010597706,0.00011992455,0.00026082993,0.99902344
20180112-092119-1.jpg,8,8,0.0002374649,0.00017213821,0.00012117624,0.00025320053,0.00011909008,0.00010496378,0.00010246038,0.00039315224,0.99853516
20171220-095140-1.jpg,8,8,0.00023472309,0.00018692017,0.00019323826,0.00032901764,0.00013053417,0.00027751923,0.00012910366,0.00040125847,0.99804688
20170217-114742-0.jpg,0,0,0.9921875,0.00018131733,0.00021696091,0.00026297569,0.00021827221,0.00036597252,0.00020349026,0.00072479248,0.0055923462
20170906-100844-1.jpg,3,3,0.00088834763,0.00066184998,0.00060272217,0.99072266,0.00070238113,0.00052642822,0.00029683113,0.0010404587,0.0043449402
20171220-090203-2.jpg,8,8,0.00035429001,0.00043010712,0.00015258789,0.00053310394,0.00013792515,0.00036859512,0.00015664101,0.00055503845,0.99707031
20171219-105547-2.jpg,8,8,0.00024604797,0.00055885315,0.00051641464,0.00012433529,0.0004324913,0.00014603138,9.0062618e-05,0.00033164024,0.99755859
20170727-155004-3.jpg,4,4,0.00037956238,0.00018453598,0.00087022781,0.00066375732,0.99267578,0.00021612644,0.00025010109,0.00041484833,0.0041542053
20170704-151911-0.jpg,0,0,0.99511719,0.00016498566,0.00019133091,0.00029087067,0.00029754639,0.00015544891,0.00018775463,0.0002553463,0.0033683777
20170728-122417-2.jpg,4,4,0.00065279007,0.00026917458,0.0018529892,0.00078105927,0.98388672,0.00028538704,0.00027894974,0.00058221817,0.011421204
20171109-093614-2.jpg,5,5,0.00036025047,0.00069618225,0.00046944618,0.00041437149,0.0004401207,0.99072266,0.00028920174,0.00057506561,0.0061950684
20180119-115023-1.jpg,8,8,0.00013506413,0.00022280216,0.0001282692,8.7618828e-05,8.1956387e-05,0.00010532141,0.00027894974,0.00039672852,0.99853516
20170727-152818-3.jpg,4,4,0.00046277046,0.00014853477,0.00062894821,0.0004222393,0.99169922,0.00022208691,0.00018298626,0.00041437149,0.0058059692
20180322-113943-2.jpg,8,8,9.2804432e-05,7.5995922e-05,3.7312508e-05,9.4950199e-05,3.3140182e-05,5.4776669e-05,8.6128712e-05,0.0001462698,0.99951172
20171113-140603-2.jpg,6,6,0.00036406517,0.00042653084,0.00028944016,0.00031423569,0.00049304962,0.00021445751,0.99023438,0.0014352798,0.0064201355
20180109-074228-1.jpg,8,8,0.00013124943,0.00012016296,0.00016152859,0.00016891956,0.00011050701,0.00010031462,0.00015807152,0.00032258034,0.99853516
20171220-082657-3.jpg,8,8,0.00038361549,0.00035667419,0.00017905235,0.00046396255,0.00015819073,0.00031304359,0.00011116266,0.00086355209,0.99707031
20180105-093229-2.jpg,8,8,0.00026464462,0.00029397011,0.00032043457,0.00034308434,0.0025653839,0.00012814999,0.0003683567,0.00061559677,0.99511719
20170913-130528-2.jpg,5,5,0.0041236877,0.0017032623,0.0025882721,0.00031304359,0.049743652,0.61083984,0.00041222572,0.0016889572,0.32885742
20170811-134348-2.jpg,0,0,0.99414062,0.00024580956,0.00021600723,0.00041294098,0.00041389465,0.00021219254,0.00019061565,0.00045061111,0.0036525726
20180109-090524-2.jpg,8,8,0.0019378662,0.00034594536,0.003610611,0.003156662,0.00090742111,0.00046300888,0.00039291382,0.0010538101,0.98828125
20171205-144519-2.jpg,8,8,0.00038075447,0.41381836,0.0001500845,0.0025577545,0.00017309189,0.00046253204,0.00028443336,0.00067472458,0.58154297
20170913-105303-1.jpg,3,3,0.00026488304,0.00024676323,0.00026082993,0.99316406,0.00041556358,0.00025367737,0.00010359287,0.00025606155,0.0052680969
20170405-155225-0.jpg,0,0,0.99462891,0.00029993057,0.00018727779,0.00027918816,0.00021409988,0.00027513504,0.00019061565,0.00043821335,0.0035896301
20171212-093654-3.jpg,8,8,0.00015842915,0.00032138824,8.2850456e-05,0.00011068583,0.00010728836,0.00013768673,0.00010615587,0.0002399683,0.99853516
20171219-095514-2.jpg,8,8,0.00025629997,0.00031471252,7.1048737e-05,0.00010973215,5.8352947e-05,0.00018417835,9.6082687e-05,0.00020301342,0.99853516
20171212-093729-3.jpg,8,8,0.00015366077,0.00029444695,0.00014209747,0.00014591217,0.00010347366,0.00021672249,9.5307827e-05,0.00020885468,0.99853516
20170706-130402-3.jpg,1,1,0.00052452087,0.99267578,0.00022554398,0.00049495697,0.00029706955,0.00031471252,0.00034046173,0.00080728531,0.0043144226
20180125-134115-3.jpg,8,8,0.00026512146,0.00019168854,0.0001142025,9.9301338e-05,0.00089979172,0.0001065731,0.00015366077,0.00044250488,0.99755859
20171025-081802-1.jpg,0,0,0.99316406,0.00015580654,0.00026011467,0.00036907196,0.00038409233,0.00018286705,0.00021934509,0.00042152405,0.0050849915
20170126-095120-0.jpg,1,1,0.0004336834,0.97460938,0.00023555756,0.00053834915,0.00019681454,0.00071716309,0.0023651123,0.0010852814,0.019729614
20170920-192308-1.jpg,2,2,0.00026535988,0.00018036366,0.99365234,0.00020337105,0.0006570816,0.00019264221,0.00017082691,0.00025177002,0.004196167
20170920-162920-3.jpg,2,2,0.0090789795,0.002614975,0.88378906,0.0034484863,0.028869629,0.0011882782,0.00060033798,0.0017709732,0.06842041
20170714-141527-3.jpg,1,1,0.00030755997,0.98779297,0.00018107891,0.0002758503,0.00018322468,0.00023245811,0.00065088272,0.00053501129,0.0098724365
20170913-122435-1.jpg,5,5,0.00041556358,0.00041341782,0.0003991127,0.00063562393,0.0003964901,0.9921875,0.00045228004,0.00033998489,0.004699707
20171203-170559-3.jpg,8,8,0.0016422272,0.011619568,0.00046086311,0.00060272217,0.00024914742,0.00030875206,0.00060749054,0.0027313232,0.98193359
20171218-103550-2.jpg,8,8,0.00045752525,0.00031518936,0.00012683868,0.0002219677,8.8214874e-05,0.00022852421,9.2446804e-05,0.00054788589,0.99804688
20171212-103923-3.jpg,8,8,0.00045323372,0.00023639202,0.00012671947,0.00013923645,7.8618526e-05,0.00016725063,6.121397e-05,0.00036549568,0.99853516
20170705-165759-0.jpg,7,7,0.0015621185,0.00059604645,9.7215176e-05,0.00047516823,0.00012290478,0.00015234947,0.00012803078,0.984375,0.012557983
20180109-105722-1.jpg,8,8,9.5307827e-05,6.5326691e-05,9.0718269e-05,0.00011384487,9.9360943e-05,6.8426132e-05,9.983778e-05,0.00018048286,0.99902344
20180322-132854-1.jpg,8,8,0.00012421608,6.5505505e-05,4.7624111e-05,0.00013494492,8.970499e-05,5.7816505e-05,5.3703785e-05,0.00018334389,0.99902344
20180109-070324-1.jpg,8,8,5.5551529e-05,0.0001244545,8.4936619e-05,8.72612e-05,7.045269e-05,7.969141e-05,0.0002553463,0.00014853477,0.99902344
20171113-120501-1.jpg,6,6,0.00015747547,0.00038099289,0.00025820732,7.5519085e-05,0.00023138523,8.8632107e-05,0.98925781,0.00016248226,0.0094528198
20180125-130359-3.jpg,8,8,7.0691109e-05,8.4280968e-05,6.5565109e-05,0.00011307001,7.2479248e-05,6.6637993e-05,8.5115433e-05,0.00011777878,0.99951172
20171109-085310-2.jpg,5,5,0.0002412796,0.00039362907,0.00025033951,0.00026845932,0.00018179417,0.99267578,0.0001295805,0.00028848648,0.0056228638
20170920-162725-3.jpg,2,2,0.00019204617,0.00016021729,0.99609375,0.00023567677,0.00043463707,0.00013411045,0.00016641617,0.0001809597,0.0023574829
20170714-130929-1.jpg,1,1,0.00060462952,0.97705078,0.00039434433,0.00047230721,0.00024986267,0.00016641617,0.00030112267,0.00072956085,0.019882202
20180125-131628-3.jpg,8,8,0.00028300285,0.00060987473,0.00017333031,0.000202775,0.00015377998,0.00010019541,0.00027918816,0.0014829636,0.99658203
20180119-110134-1.jpg,8,8,0.00017929077,0.00057554245,6.6876411e-05,9.1850758e-05,0.00011485815,0.00015711784,0.00021004677,0.00016582012,0.99853516
20180112-101443-2.jpg,8,8,0.00013589859,7.0869923e-05,0.00010836124,0.00012648106,7.9393387e-05,0.00010180473,5.8472157e-05,0.00018501282,0.99902344
20171109-074353-1.jpg,5,5,0.00015830994,0.00013041496,9.0897083e-05,9.0301037e-05,8.5055828e-05,0.99609375,7.8678131e-05,0.00029277802,0.0029029846
20180322-114811-1.jpg,8,8,7.3850155e-05,7.2062016e-05,6.3538551e-05,9.4950199e-05,7.7188015e-05,0.00016713142,5.2332878e-05,9.2089176e-05,0.99951172
20180322-113756-1.jpg,8,8,0.00045323372,0.00058937073,0.00012183189,0.00036978722,0.00016725063,0.0002822876,0.00016069412,0.00082921982,0.99707031
20170217-152510-0.jpg,0,0,0.99462891,0.00021314621,0.00019085407,0.00018358231,0.00022208691,0.00020599365,0.00017035007,0.00037312508,0.0038700104
20171025-073717-2.jpg,3,3,0.00088596344,0.0017175674,0.00082731247,0.98486328,0.0011873245,0.00095844269,0.00052022934,0.00085878372,0.0081939697
20170128-103533-0.jpg,8,8,0.00030040741,0.0016641617,0.00011003017,0.00038337708,0.00017607212,0.00023829937,0.00013697147,0.00022578239,0.99658203
20170906-140427-1.jpg,3,3,0.00083446503,0.00022804737,0.00065326691,0.9921875,0.00068092346,0.00016343594,0.00012218952,0.00056219101,0.0047874451
20180109-105049-2.jpg,8,8,0.0001860857,7.9631805e-05,0.0001308918,0.00027251244,0.00011885166,8.7201595e-05,8.8214874e-05,0.00054693222,0.99853516
20171219-113556-2.jpg,8,8,0.00018751621,7.6949596e-05,0.00029325485,0.00014996529,0.00018191338,8.3208084e-05,0.00017499924,0.0001847744,0.99853516
20170610-123424-0.jpg,1,1,0.00051784515,0.98388672,0.00015747547,0.00025868416,0.00010430813,0.00024390221,0.00018429756,0.00077533722,0.013710022
20171113-093744-3.jpg,5,5,0.0024261475,0.00053501129,0.00029921532,0.00034379959,0.00022149086,0.96826172,0.0002155304,0.0067977905,0.020812988
20180112-081547-2.jpg,8,8,0.00028276443,0.00011855364,0.00014340878,0.00078821182,0.00014948845,0.00012004375,8.8334084e-05,0.00035214424,0.99804688
20171121-090451-3.jpg,6,6,0.0001398325,0.00017893314,0.00018918514,0.00010430813,0.00024938583,8.9108944e-05,0.99658203,0.00016915798,0.0021762848
20170630-153456-0.jpg,8,8,0.0055351257,0.0014677048,0.0028648376,0.0013895035,0.0025310516,0.00069522858,0.0003900528,0.011711121,0.97363281
20180105-101539-2.jpg,8,8,0.00016701221,0.00011402369,0.00016605854,0.00013458729,0.00018167496,0.00012505054,0.00063419342,0.00029706955,0.99804688
20171113-122649-3.jpg,6,6,0.00011891127,0.00010943413,0.00011503696,7.4744225e-05,0.00012218952,8.7738037e-05,0.95507812,0.00019490719,0.044158936
20180109-092127-2.jpg,7,7,0.00034713745,0.00029182434,0.00013768673,0.00028800964,0.00011664629,0.00021982193,0.00033640862,0.99511719,0.0030021667
20171218-121137-2.jpg,8,8,0.00015854836,0.00012969971,7.0869923e-05,0.00019693375,6.1273575e-05,0.00016474724,9.1314316e-05,0.00022888184,0.99902344
20171113-133349-3.jpg,6,6,0.000182271,0.00023567677,0.00015342236,0.00011646748,0.00022399426,0.00010919571,0.96240234,0.0010480881,0.035736084
20171121-181023-2.jpg,6,6,0.00028657913,0.00015926361,9.7751617e-05,6.6459179e-05,9.8586082e-05,4.863739e-05,0.98828125,0.00015377998,0.010681152
20171217-100810-2.jpg,8,8,0.00014102459,0.000177145,8.72612e-05,0.00022828579,6.1392784e-05,8.2433224e-05,9.6738338e-05,0.00014436245,0.99902344
20180112-070845-2.jpg,8,8,0.00014460087,0.00027275085,0.00012117624,0.0004336834,0.00020313263,0.00013554096,0.00012081861,0.00025129318,0.99853516
20170714-170321-1.jpg,1,1,0.00050210953,0.99462891,0.00018918514,0.00054883957,0.00019514561,0.00034308434,0.00023591518,0.00074863434,0.0028305054
20170727-170649-1.jpg,4,4,0.00032830238,0.00015604496,0.00037527084,0.0004119873,0.99072266,0.00018703938,0.00018322468,0.00033664703,0.0071334839
20170627-103624-0.jpg,0,0,0.97607422,0.00021326542,0.00019824505,0.00029325485,0.00016522408,0.017700195,0.00012922287,0.00045824051,0.0048103333
20170920-131138-2.jpg,2,2,0.00038313866,0.00025963783,0.9921875,0.00069665909,0.0018291473,0.00026249886,0.00025367737,0.00048494339,0.0038166046
20171025-075929-2.jpg,3,3,0.00070238113,0.0014162064,0.00045990944,0.98583984,0.00089073181,0.00043559074,0.00029206276,0.00045681,0.0095672607
20180125-133936-3.jpg,8,8,0.00025033951,0.00022411346,0.0001244545,0.0001718998,9.0479851e-05,0.00011652708,0.00016307831,0.00064992905,0.99804688
20171217-184402-2.jpg,8,8,0.00031685829,0.00030708313,0.00010323524,0.0010824203,0.00015640259,0.00038099289,8.4757805e-05,0.00022995472,0.99755859
20170920-115515-2.jpg,2,2,0.00040030479,0.00032424927,0.9921875,0.00047445297,0.001698494,0.00018060207,0.00032925606,0.00045180321,0.0038204193
20170718-101130-2.jpg,0,1,0.37670898,0.52099609,0.00019049644,0.0010652542,0.00023710728,0.00116539,0.00013995171,0.0051841736,0.094177246
20180322-112939-2.jpg,8,8,0.00011974573,0.00012266636,7.5936317e-05,0.00013303757,7.1704388e-05,0.00010120869,7.8976154e-05,0.00018429756,0.99902344
20170210-132528-0.jpg,0,0,0.99267578,0.0002515316,0.00019919872,0.00025200844,0.00024867058,0.00026583672,0.00022292137,0.0012626648,0.0047531128
20180119-112938-2.jpg,8,8,0.0001386404,0.00018322468,0.0001308918,0.00013697147,8.6665154e-05,0.00012171268,0.00010770559,0.00018560886,0.99902344
20180112-103023-2.jpg,8,8,0.00036931038,0.00021076202,0.00016307831,0.00032901764,0.00016736984,0.00011718273,0.00032520294,0.001039505,0.99707031
20171218-111715-2.jpg,8,8,0.00071144104,9.6678734e-05,0.00012010336,0.00019741058,0.00010764599,0.00018441677,5.1677227e-05,0.00039792061,0.99804688
20170127-101912-0.jpg,1,1,0.00035691261,0.98974609,0.00017392635,0.00062084198,0.00023174286,0.00040435791,0.00034117699,0.00047898293,0.0075950623
20180109-095348-1.jpg,8,8,0.00023806095,0.00017356873,7.2717667e-05,0.00018429756,7.9870224e-05,7.9274178e-05,8.7320805e-05,0.00047636032,0.99853516
20170714-111038-2.jpg,1,1,0.0006313324,0.98925781,0.00037288666,0.0010347366,0.00036883354,0.00044631958,0.00047826767,0.0010786057,0.0061225891
20171102-094158-2.jpg,4,8,0.012512207,0.0010871887,0.24377441,0.028137207,0.24133301,0.00055456161,0.0013885498,0.004234314,0.46704102
20180322-103244-1.jpg,8,8,0.00017511845,9.8228455e-05,7.045269e-05,8.0823898e-05,5.7399273e-05,6.9200993e-05,3.7670135e-05,0.00081300735,0.99853516
20180119-115456-1.jpg,8,8,0.00012159348,0.00019407272,7.6413155e-05,0.00014650822,6.8187714e-05,0.00012135506,0.00018489361,0.00022935867,0.99902344
20180119-110255-1.jpg,8,8,0.00020420551,0.00092935562,7.5757504e-05,9.3877316e-05,7.9035759e-05,0.00014305115,0.00015032291,0.00033760071,0.99804688
20180125-123133-2.jpg,8,8,0.00010216236,7.1227551e-05,9.9599361e-05,8.2373619e-05,6.6399574e-05,5.5253506e-05,8.0883503e-05,0.00018918514,0.99902344
20171109-090741-3.jpg,5,5,0.00020301342,0.00025343895,0.00015056133,0.00022900105,0.00015521049,0.99609375,0.00015079975,0.00023257732,0.0026683807
20170906-113501-2.jpg,3,3,0.00065231323,0.00083589554,0.00059175491,0.98828125,0.0010976791,0.00044059753,0.00045061111,0.0004298687,0.006980896
20170129-102716-0.jpg,8,8,0.00028896332,0.0001386404,0.00021672249,0.0002207756,0.0001565218,0.00014448166,7.7903271e-05,0.00013267994,0.99853516
20170704-152423-0.jpg,0,8,0.34521484,0.00037050247,0.00017213821,0.00018835068,0.00039601326,0.00037240982,0.00011736155,0.00075054169,0.65234375
20180125-125818-2.jpg,8,8,5.4180622e-05,7.5399876e-05,8.9347363e-05,0.00013136864,7.3969364e-05,8.7440014e-05,0.00012934208,0.0001322031,0.99902344
20171113-135359-3.jpg,6,6,0.00024819374,0.00021612644,0.00031495094,0.00033473969,0.00023841858,0.00011861324,0.88037109,0.00086402893,0.11730957
20180109-101108-2.jpg,8,8,0.00014960766,0.00027656555,6.0796738e-05,9.5427036e-05,7.969141e-05,0.00010848045,0.00013005733,0.00018131733,0.99902344
20180119-114924-1.jpg,8,8,0.00014579296,0.00017154217,7.891655e-05,0.00010514259,5.4895878e-05,9.8586082e-05,0.00013279915,0.00024533272,0.99902344
20170714-121609-3.jpg,1,1,0.00050210953,0.99169922,0.00022816658,0.00034666061,0.00022757053,0.00018548965,0.001914978,0.00056409836,0.004234314
20171212-093458-3.jpg,8,8,0.00084781647,0.00037288666,0.00029063225,0.00018918514,0.00015079975,0.00029182434,0.00012022257,0.00029110909,0.99755859
20171220-095443-2.jpg,8,8,0.00014007092,0.0001629591,0.0001193881,0.00012278557,7.4982643e-05,0.00014269352,7.879734e-05,0.00025272369,0.99902344
20171122-103613-1.jpg,5,5,0.00021409988,0.00032925606,0.00021982193,0.000233531,0.00018048286,0.99316406,0.00016736984,0.00027704239,0.0051727295
20171113-132431-3.jpg,6,6,0.00043916702,0.00074291229,0.00096654892,0.00035881996,0.0011854172,0.00019395351,0.98730469,0.0004734993,0.0084152222
20180105-100308-2.jpg,8,8,0.0001206398,0.00012612343,0.00011265278,0.00014007092,8.2671642e-05,0.00010412931,0.00021922588,0.00024676323,0.99902344
20180109-085639-2.jpg,8,8,0.00080251694,0.00025248528,0.00071144104,0.0019550323,0.00067663193,0.00028276443,0.00035905838,0.0011777878,0.99365234
20171102-094113-1.jpg,4,4,0.00068616867,0.00055980682,0.0006570816,0.0014400482,0.98046875,0.00052022934,0.00039052963,0.00076961517,0.014686584
20171219-105429-2.jpg,8,8,0.0002310276,0.00045537949,0.00018334389,0.0001796484,0.0001718998,0.00014448166,0.00010979176,0.00028371811,0.99804688
20170906-114730-1.jpg,3,3,0.0015354156,0.00080633163,0.0009803772,0.98632812,0.0016937256,0.00066566467,0.0004427433,0.0013856888,0.0060501099
20170906-112532-1.jpg,3,3,0.0012178421,0.00078964233,0.0003888607,0.98583984,0.00087451935,0.00045967102,0.00040531158,0.0012226105,0.0086746216
20180109-074237-1.jpg,8,8,0.00010681152,8.6843967e-05,5.4299831e-05,9.4532967e-05,6.1154366e-05,7.5817108e-05,0.00013244152,0.00017309189,0.99902344
20171220-094955-1.jpg,8,8,0.00019145012,0.00016582012,0.00015687943,0.00023913383,0.0001142025,0.00033974648,0.00014090538,0.00026607513,0.99853516
20171122-100204-1.jpg,5,5,0.00023341179,0.00031399727,0.00018537045,0.00023543835,0.00017178059,0.99462891,0.00020802021,0.00036621094,0.0036010742
20180109-073245-1.jpg,8,8,0.00013506413,9.1791153e-05,8.0347061e-05,8.8274479e-05,0.00013196468,6.6518784e-05,0.00046634674,0.00018239021,0.99853516
20171113-150659-1.jpg,6,6,0.00020182133,0.00037527084,0.00027489662,0.00011587143,0.00044512749,0.00017035007,0.99365234,0.00030112267,0.0045471191
20180109-104107-2.jpg,8,8,0.00028729439,0.00016498566,0.0001308918,0.00032925606,0.00012159348,0.00010579824,8.6009502e-05,0.0006685257,0.99804688
20170920-114851-3.jpg,2,2,0.00019466877,0.00018584728,0.99511719,0.00028085709,0.00064086914,0.00016832352,0.00021338463,0.00024867058,0.0029411316
20180112-072727-2.jpg,8,8,0.00027704239,0.00011634827,7.635355e-05,0.00038361549,8.9108944e-05,9.5427036e-05,4.9710274e-05,0.00038719177,0.99853516
20170610-122404-0.jpg,1,1,0.00039362907,0.9921875,0.00015282631,0.00020813942,0.00014436245,0.00016331673,0.00029063225,0.0013513565,0.0051002502
20180119-105826-2.jpg,8,8,0.00046133995,0.00063276291,0.00014364719,0.0001103282,0.00089359283,0.00010794401,0.00011581182,0.00035476685,0.99707031
20170714-122250-2.jpg,1,1,0.00048494339,0.99511719,0.00019836426,0.0003464222,0.00014901161,0.00018310547,0.00022280216,0.00053548813,0.0026664734
20171218-112909-3.jpg,8,8,0.00014710426,0.00017619133,8.3863735e-05,0.0002117157,8.3506107e-05,0.00018644333,0.00011610985,0.00025224686,0.99853516
20170210-131209-0.jpg,7,7,0.00041532516,0.00048565865,9.8824501e-05,0.00044250488,0.00011199713,0.00015997887,0.00026965141,0.99462891,0.003162384
20171113-124317-3.jpg,6,6,0.00021886826,0.00047326088,0.00017893314,0.00010961294,0.00023913383,0.00012874603,0.99560547,0.00026488304,0.0027256012
20170906-092311-1.jpg,3,3,0.00084400177,0.00044798851,0.00031805038,0.99267578,0.0010547638,0.00019288063,0.00011664629,0.000852108,0.0035133362
20180125-100907-1.jpg,8,8,7.8380108e-05,8.2015991e-05,6.9856644e-05,8.9585781e-05,8.2492828e-05,7.7903271e-05,9.2804432e-05,0.00011885166,0.99951172
20171113-095154-1.jpg,5,5,0.0028800964,0.00038790703,0.00018024445,7.3552132e-05,0.00024676323,0.97509766,0.00092124939,0.0022888184,0.018066406
20180119-104653-2.jpg,8,8,0.00082159042,0.0040092468,0.00030398369,0.0003361702,0.00019884109,0.00032615662,0.00017309189,0.0012664795,0.99267578
20180112-082134-1.jpg,8,8,0.00021970272,0.00015628338,8.4042549e-05,0.00033426285,9.3102455e-05,0.00010758638,0.00010937452,0.00029182434,0.99853516
20170718-133552-2.jpg,0,0,0.98486328,0.00064134598,0.00014746189,0.00095510483,0.00057601929,0.00010937452,0.00022482872,0.00073432922,0.011695862
20170714-120613-2.jpg,1,1,0.00046229362,0.99169922,0.00034403801,0.00056838989,0.00031495094,0.00023913383,0.00049114227,0.00057411194,0.0052337646
20171205-133902-2.jpg,8,8,0.00038957596,0.00045275688,0.00014173985,0.00086116791,0.00012469292,0.00026988983,9.3460083e-05,0.000202775,0.99755859
20171109-085043-3.jpg,5,5,0.00032567978,0.00032019615,0.00017440319,0.00030684471,0.00018846989,0.99560547,0.00020837784,0.00031256676,0.0026168823
20171025-090501-2.jpg,3,3,0.00082397461,0.00073957443,0.00075149536,0.98974609,0.0012950897,0.00049352646,0.00042533875,0.00068998337,0.0052452087
20180112-091208-2.jpg,8,8,0.00033926964,0.00016272068,8.2314014e-05,0.010932922,0.00010842085,0.00011813641,6.6936016e-05,0.00039553642,0.98779297
20171025-092435-2.jpg,3,3,0.00062274933,0.0003464222,0.00044965744,0.99169922,0.00063371658,0.00027441978,0.00024604797,0.0006275177,0.0053253174
20171220-101330-1.jpg,8,8,0.0002913475,0.0002644062,0.00019168854,0.00025725365,9.9480152e-05,0.00023078918,8.302927e-05,0.00030422211,0.99804688
20171025-080551-1.jpg,3,3,0.00083494186,0.00044894218,0.00040578842,0.99121094,0.00063276291,0.00044846535,0.00029802322,0.00060176849,0.0049552917
20171109-091730-2.jpg,5,5,0.00041365623,0.00058507919,0.0003631115,0.00039935112,0.00034689903,0.99267578,0.00026512146,0.00055980682,0.0045967102
20180112-092610-1.jpg,8,8,0.0002579689,0.00020396709,9.1433525e-05,0.00015759468,0.00010120869,7.5757504e-05,7.6949596e-05,0.00038480759,0.99853516
20171122-101245-1.jpg,5,5,0.00024318695,0.00026464462,0.0002117157,0.00024175644,0.00017023087,0.99462891,0.00013637543,0.00033807755,0.0036411285
20171109-090159-3.jpg,5,5,0.00027513504,0.00029373169,0.00028514862,0.00019276142,0.00023233891,0.99072266,0.00023877621,0.00022685528,0.0073623657
20170913-100044-1.jpg,3,3,0.00048041344,0.00036215782,0.00027608871,0.99414062,0.00078630447,0.00047111511,0.0001667738,0.00049352646,0.0025806427
20171121-090211-3.jpg,6,6,0.00014138222,0.00027513504,0.00024461746,0.00010836124,0.00025606155,0.00010001659,0.99609375,0.00018656254,0.0027256012
20170404-154009-0.jpg,7,7,0.0011730194,0.0011415482,0.00024306774,0.0007891655,0.00023627281,0.00046038628,0.00059223175,0.98779297,0.0077552795
20170803-131528-1.jpg,0,0,0.97558594,0.003446579,0.00038790703,0.00060129166,0.00073337555,0.00095891953,0.0009098053,0.0014848709,0.015991211
20170728-153257-1.jpg,8,8,0.0020294189,0.00065279007,0.00090885162,0.00048089027,0.27246094,0.00019550323,0.00039553642,0.0047836304,0.71826172
20171025-094048-2.jpg,3,3,0.00078487396,0.0005979538,0.00060844421,0.99023438,0.0010118484,0.00046896935,0.00042390823,0.00071287155,0.0051956177
20171113-143404-2.jpg,6,6,0.00021851063,0.00023269653,0.00013816357,7.557869e-05,0.00019168854,0.00012934208,0.99560547,0.00020909309,0.0029983521
20170811-122637-2.jpg,0,0,0.98828125,0.00073003769,0.00030064583,0.00043535233,0.00063323975,0.0019350052,0.00028467178,0.0018606186,0.0055007935
20171220-083212-3.jpg,8,8,0.00049972534,0.00013458729,0.00014030933,0.00044870377,0.0001270771,0.0003015995,7.7188015e-05,0.00056743622,0.99755859
20170714-120921-2.jpg,1,1,0.00091552734,0.9921875,0.00024986267,0.0004799366,0.00025773048,0.00029540062,0.00040459633,0.0010471344,0.0043258667
20170913-110133-3.jpg,5,5,0.00048732758,0.00035834312,0.00067663193,0.0006070137,0.00050640106,0.98974609,0.00048232079,0.00047516823,0.0065460205
20180105-091815-2.jpg,8,8,0.00068426132,0.00070095062,0.00039029121,0.0014343262,0.00041079521,0.0011920929,0.0023822784,0.0018348694,0.99121094
20170627-103509-0.jpg,0,7,0.12042236,0.0016069412,0.00047898293,0.0013551712,0.00075387955,0.00072145462,0.00027227402,0.85595703,0.018661499
20171113-092712-3.jpg,5,5,0.00028848648,0.00016498566,0.00019574165,0.00016653538,0.00021183491,0.99609375,0.00014317036,0.00036239624,0.0021724701
20180109-105926-2.jpg,8,8,0.00028967857,0.0001885891,0.00019454956,0.00018560886,0.0001680851,0.00011086464,0.00010073185,0.00047135353,0.99804688
20170404-154147-0.jpg,7,7,0.00057792664,0.00078821182,0.00017130375,0.00032424927,0.0001398325,0.00024724007,0.00022900105,0.99414062,0.0033035278
20171220-085059-3.jpg,8,8,0.0002579689,0.00019311905,9.6440315e-05,0.00010561943,8.2492828e-05,9.6380711e-05,6.1035156e-05,0.00040578842,0.99853516
20180322-111927-1.jpg,8,8,9.0479851e-05,6.0737133e-05,6.6816807e-05,0.00012165308,6.7770481e-05,6.7710876e-05,5.9425831e-05,0.00012302399,0.99951172
20171203-164701-3.jpg,8,8,0.0001257658,0.00034332275,9.393692e-05,0.00014603138,0.00010347366,0.00010758638,0.00010228157,0.00025629997,0.99853516
20170811-131340-1.jpg,0,0,0.99316406,0.00030755997,0.00045800209,0.00042915344,0.00064897537,0.0005402565,0.00024819374,0.00054550171,0.0035476685
20171109-084834-3.jpg,5,5,0.00041627884,0.00032258034,0.00019657612,0.00023710728,0.00018680096,0.99560547,0.00025391579,0.00041842461,0.0022315979
20171025-094751-1.jpg,3,3,0.00066184998,0.00053453445,0.00041103363,0.98925781,0.00071763992,0.00044107437,0.00048661232,0.00061702728,0.0066871643
20171121-090649-3.jpg,6,6,0.00038981438,0.00041651726,0.00036144257,0.00021970272,0.00053358078,0.00017166138,0.99072266,0.00044083595,0.0065917969
20171113-120629-2.jpg,6,6,0.00019550323,0.00032877922,0.00024938583,9.8824501e-05,0.00032496452,0.00015723705,0.99511719,0.00027704239,0.0030193329
20180119-110243-2.jpg,8,8,0.00013816357,0.00020694733,6.2465668e-05,0.00010222197,5.3882599e-05,8.0883503e-05,8.0704689e-05,0.00023436546,0.99902344
20171218-121226-2.jpg,8,8,0.00017678738,0.00013792515,0.00011593103,0.00016534328,8.3386898e-05,0.00015282631,9.4771385e-05,0.00028300285,0.99902344
20171219-101256-2.jpg,8,8,0.00025367737,0.00027489662,0.00075531006,0.00016963482,0.00021731853,9.7811222e-05,8.7499619e-05,0.00038576126,0.99755859
20170210-142433-0.jpg,7,7,0.00068664551,0.00085878372,0.00018382072,0.00027441978,0.00013017654,0.00038576126,0.00019860268,0.99316406,0.0040016174
20180105-095612-2.jpg,8,8,0.00011771917,8.3982944e-05,9.894371e-05,8.7141991e-05,0.00012016296,0.00010120869,0.00051164627,0.00020360947,0.99853516
20180125-095928-2.jpg,8,8,9.9599361e-05,4.8220158e-05,5.8591366e-05,0.00027060509,6.9022179e-05,8.4578991e-05,6.2644482e-05,6.8306923e-05,0.99902344
20171201-120339-1.jpg,8,8,0.00023949146,0.00022280216,0.00010335445,0.00035738945,0.00011229515,0.00031447411,0.00015437603,0.00032091141,0.99804688
20171113-100841-1.jpg,5,5,0.00055122375,0.00044894218,0.0002579689,0.00047326088,0.00023043156,0.98291016,0.0001693964,0.00060653687,0.014465332
20171113-143650-0.jpg,6,6,0.00019955635,0.00044584274,0.00027680397,0.00011748075,0.0002515316,0.00014054775,0.99609375,0.00035572052,0.0022792816
20180125-093131-1.jpg,8,8,8.5413456e-05,8.4757805e-05,8.3744526e-05,0.00012081861,0.00011718273,8.0764294e-05,0.00012993813,0.00012660027,0.99902344
20170811-114143-2.jpg,0,0,0.99023438,0.0019197464,0.00019490719,0.00025486946,0.00062704086,0.00030231476,0.00022876263,0.00047802925,0.005897522
20170728-122322-2.jpg,4,4,0.00039458275,0.00022673607,0.00055789948,0.00044608116,0.9921875,0.00023376942,0.00019800663,0.00038504601,0.0052490234
20180109-091522-1.jpg,8,8,0.00018680096,9.4473362e-05,8.7499619e-05,0.00015640259,9.9539757e-05,8.2910061e-05,0.00015449524,0.00040793419,0.99853516
20180119-111405-1.jpg,8,8,0.0001116991,0.00022733212,5.6743622e-05,7.9333782e-05,5.9247017e-05,9.0479851e-05,0.00027370453,0.00017631054,0.99902344
20171220-101356-1.jpg,8,8,0.00019741058,0.00038337708,0.00017356873,0.00023579597,0.00011819601,0.00034070015,0.00011593103,0.00033593178,0.99804688
20170210-141655-0.jpg,7,7,0.00068569183,0.001493454,0.00022935867,0.00048136711,0.00014734268,0.00041651726,0.00021374226,0.99169922,0.0044517517
20180112-094153-1.jpg,8,8,0.00025939941,0.00024306774,0.00019776821,0.00024914742,0.00021100044,0.00010955334,0.00014066696,0.00053739548,0.99804688
20171109-072825-3.jpg,5,5,0.0002644062,0.00032567978,0.00027775764,0.00021612644,0.00028848648,0.99169922,0.000202775,0.00033688545,0.0062065125
20180112-103147-2.jpg,8,8,0.00028300285,0.00017416477,0.00010627508,0.00022995472,0.0001270771,0.0001026392,0.00020968914,0.00063180923,0.99804688
20180125-135107-3.jpg,8,8,0.00019276142,0.0001513958,0.00011318922,0.00015354156,6.7234039e-05,7.0095062e-05,0.0001052022,0.00074005127,0.99853516
20170627-104419-0.jpg,7,7,0.0011959076,0.0010986328,0.00053691864,0.0015039444,0.0004556179,0.00068807602,0.00052642822,0.98779297,0.0062828064
20180109-075209-2.jpg,8,8,0.00025415421,0.00012362003,0.00024962425,0.00022888184,0.00027823448,0.00011724234,0.00077629089,0.00037670135,0.99755859
20180109-070824-1.jpg,8,8,7.3969364e-05,7.379055e-05,7.635355e-05,8.5890293e-05,7.6532364e-05,7.4565411e-05,0.00038409233,0.00014579296,0.99902344
20180112-071635-2.jpg,8,8,0.0001115799,0.00011223555,5.0961971e-05,0.00048446655,0.00012540817,0.00014257431,0.00011819601,0.00015616417,0.99853516
20180112-075608-2.jpg,8,8,0.00058221817,9.6380711e-05,4.9829483e-05,0.0009431839,9.4771385e-05,6.3240528e-05,7.1227551e-05,0.00046062469,0.99755859
20171109-092800-2.jpg,5,5,0.00035429001,0.00086545944,0.00033640862,0.00029420853,0.00032424927,0.99121094,0.00023031235,0.00045061111,0.0059280396
20180125-133141-3.jpg,8,8,0.00012254715,0.00012350082,0.00011456013,0.00011628866,6.6936016e-05,9.5427036e-05,0.00013482571,0.00024938583,0.99902344
20170501-144030-0.jpg,1,1,0.00036263466,0.99462891,0.00021231174,0.00058174133,0.00016522408,0.00025510788,0.00037360191,0.00031995773,0.0030422211
20170210-133239-0.jpg,0,0,0.99414062,0.00029277802,0.0002887249,0.00028371811,0.00038003922,0.00026011467,0.00027346611,0.00092220306,0.0033683777
20171212-105638-3.jpg,8,8,0.00079011917,0.00028181076,0.00011771917,0.00019800663,0.00012993813,0.00013649464,9.7632408e-05,0.0003118515,0.99804688
20170714-110439-3.jpg,1,1,0.0013198853,0.96875,0.00033140182,0.0012655258,0.00034308434,0.00075483322,0.00065135956,0.0027732849,0.024017334
20170718-133726-2.jpg,7,7,0.00065565109,0.00036478043,0.00019729137,0.0004837513,0.00014865398,0.00033855438,0.00018513203,0.99365234,0.0039215088
20180109-103902-1.jpg,8,8,0.0012083054,0.00047039986,0.0010309219,0.00099754333,0.0012493134,0.00039792061,0.00038814545,0.0010023117,0.99316406
20180125-100545-1.jpg,8,8,7.0154667e-05,9.4950199e-05,8.1896782e-05,0.00010418892,6.3359737e-05,4.4465065e-05,7.0393085e-05,8.1598759e-05,0.99951172
20170920-190330-1.jpg,2,2,0.00038313866,0.00037527084,0.99023438,0.00039219856,0.0013074875,0.00028729439,0.00034141541,0.00048923492,0.0060272217
20170728-123508-3.jpg,4,4,0.00061130524,0.0002450943,0.00066375732,0.00053882599,0.99316406,0.0003683567,0.00029635429,0.00053024292,0.0037403107
20170728-153014-2.jpg,4,8,0.00070428848,0.00049686432,0.00033473969,0.00028157234,0.073486328,0.00032258034,0.00028204918,0.00050354004,0.92382812
20170714-141802-2.jpg,1,1,0.00045228004,0.99511719,0.00016283989,0.00035190582,0.00020992756,0.00019073486,0.00038933754,0.00056838989,0.0027580261
20180322-130353-1.jpg,8,8,6.8426132e-05,8.7559223e-05,7.5221062e-05,0.00010597706,7.1048737e-05,6.2525272e-05,6.7770481e-05,0.00010639429,0.99951172
20171219-113222-3.jpg,8,8,0.0019798279,0.00031590462,0.00067615509,0.00026535988,0.0020008087,0.00014603138,0.0015439987,0.00048780441,0.99267578
20180112-094704-1.jpg,8,8,0.00013756752,0.00011116266,5.1677227e-05,9.6857548e-05,5.7995319e-05,7.2598457e-05,8.7022781e-05,0.00027966499,0.99902344
20171219-094601-2.jpg,8,8,0.00064611435,0.0013952255,0.0001026392,0.00023722649,9.906292e-05,0.0006737709,0.0010414124,0.00065755844,0.99511719
20180112-082221-1.jpg,8,8,0.00010836124,0.00017654896,7.7009201e-05,0.00035977364,8.3148479e-05,0.00012004375,0.00010889769,0.00022912025,0.99853516
20180112-104110-2.jpg,8,8,0.00025033951,0.00020635128,0.0001065135,0.00021922588,9.9003315e-05,0.00010895729,7.2300434e-05,0.00058984756,0.99853516
20170217-100851-0.jpg,7,7,0.00053691864,0.0004427433,0.00014567375,0.00025415421,0.00010478497,0.00022780895,0.00014054775,0.99511719,0.0032539368
20180322-114438-2.jpg,8,8,0.00011050701,0.00010293722,6.8247318e-05,0.00014686584,9.4056129e-05,7.0393085e-05,7.6711178e-05,0.00016117096,0.99902344
20171109-090659-2.jpg,5,5,0.00063037872,0.0016069412,0.00039076805,0.00054597855,0.00043535233,0.97998047,0.00079631805,0.0019779205,0.013771057
20170811-130737-2.jpg,0,0,0.99316406,0.00024986267,0.00026369095,0.00031423569,0.00036787987,0.00033140182,0.0001938343,0.00047254562,0.0044441223
20171203-174602-3.jpg,8,8,0.00023698807,0.00054073334,9.9956989e-05,8.1241131e-05,0.00011605024,0.00017118454,0.00016355515,0.00032520294,0.99804688
20180109-072336-2.jpg,8,8,8.7499619e-05,6.210804e-05,0.00018584728,8.392334e-05,0.00010180473,6.1392784e-05,0.00019466877,0.00020718575,0.99902344
20180105-095907-2.jpg,8,8,8.7678432e-05,7.390976e-05,8.3327293e-05,7.9751015e-05,8.1002712e-05,6.7055225e-05,0.00018262863,0.00016307831,0.99902344
20180125-132354-3.jpg,8,8,0.00028657913,0.00017118454,0.00017464161,0.00023400784,0.00014865398,9.4771385e-05,0.00020813942,0.0012168884,0.99755859
20171113-101919-1.jpg,5,5,0.00023174286,0.00025057793,0.00019228458,0.00025343895,0.00016129017,0.99511719,0.00016582012,0.0003015995,0.0031318665
20180322-103128-1.jpg,8,8,0.00013422966,3.2305717e-05,0.00030136108,0.00010371208,0.0013504028,3.8206577e-05,9.4592571e-05,6.6041946e-05,0.99804688
20171203-174141-3.jpg,8,8,0.0010185242,0.0016355515,0.00031685829,0.00060558319,0.00033593178,0.00032544136,0.00044608116,0.0013971329,0.99414062
20171121-091058-1.jpg,6,6,0.00019669533,0.00054645538,0.00010567904,7.9989433e-05,0.00016856194,9.3281269e-05,0.99414062,0.00019574165,0.0043106079
20170129-102727-0.jpg,8,8,0.00030493736,0.00027823448,0.00032758713,0.00034928322,0.00033330917,0.00027298927,0.0001963377,0.00017893314,0.99755859
20171203-173117-3.jpg,8,8,0.00026845932,0.0020751953,0.00014162064,0.0013036728,0.00018501282,0.00065994263,0.00032877922,0.00033211708,0.99462891
20180119-113840-1.jpg,8,8,0.00051116943,0.025787354,0.00016951561,0.00016462803,0.00022375584,0.00041866302,0.43383789,0.0071678162,0.53173828
20171220-084120-2.jpg,8,8,0.00070285797,0.0003259182,0.00029325485,0.0061225891,0.00012695789,0.00030064583,8.72612e-05,0.00070285797,0.99121094
20171025-074230-3.jpg,3,3,0.00065279007,0.0015172958,0.00066137314,0.98730469,0.00097131729,0.00071811676,0.00037360191,0.00081825256,0.0068855286
20180109-075358-1.jpg,8,8,0.00011390448,9.2148781e-05,0.00014948845,0.00012242794,9.7990036e-05,9.2804432e-05,0.00014340878,0.00018656254,0.99902344
20171109-193914-1.jpg,5,5,0.00026535988,0.00019943714,0.00012862682,0.00017702579,0.00011473894,0.99560547,0.00011318922,0.00027036667,0.0033550262
20171121-073442-1.jpg,6,6,0.00018370152,0.000197649,0.00019729137,8.6069107e-05,0.00023567677,0.00010859966,0.99609375,0.00020122528,0.0025672913
20171205-144456-2.jpg,8,8,0.00013852119,0.00023937225,0.00010579824,0.00015366077,9.2744827e-05,0.00034976006,0.00015461445,0.00017893314,0.99853516
20170304-124648-0.jpg,0,0,0.98779297,0.00033426285,0.00020182133,0.00016272068,0.00091505051,0.00022470951,0.00013053417,0.00073242188,0.009513855
20170706-110150-0.jpg,7,7,0.00092744827,0.0012626648,0.00021004677,0.0006146431,0.00019657612,0.00039482117,0.00037741661,0.9921875,0.003944397
20170217-144005-0.jpg,7,7,0.00059509277,0.00060319901,0.00023829937,0.00041389465,0.00016033649,0.00040102005,0.00029087067,0.99316406,0.0041046143
20170920-094446-2.jpg,2,2,0.00019431114,0.00021278858,0.99462891,0.00016248226,0.00073051453,0.00014066696,0.00017666817,0.00024187565,0.0033969879
20171113-134108-3.jpg,6,6,0.00049829483,0.0009098053,0.00018751621,0.00027179718,0.00026750565,0.00048398972,0.76123047,0.00044822693,0.23583984
20171203-170954-3.jpg,8,8,0.00016689301,0.0011148453,8.98242e-05,0.0013275146,6.4432621e-05,0.00016963482,9.0181828e-05,0.00015056133,0.99658203
20180112-101450-1.jpg,8,8,0.00013363361,0.00011909008,0.00016927719,0.00022375584,0.000197649,6.5088272e-05,0.00023019314,0.00030446053,0.99853516
20170920-095458-3.jpg,2,2,0.0002450943,0.0002553463,0.99121094,0.00011557341,0.0011425018,0.00015902519,0.00037884712,0.00023388863,0.0062866211
20180109-105945-1.jpg,8,8,0.0001796484,0.00012028217,0.00012481213,0.00022828579,0.00011575222,0.00012016296,9.0003014e-05,0.00038671494,0.99853516
20171113-120134-1.jpg,6,6,0.00015103817,0.00024533272,0.00020754337,0.00012046099,0.00027537346,0.00013816357,0.99267578,0.00031900406,0.0060768127
20180109-073915-1.jpg,8,8,9.1254711e-05,7.6234341e-05,0.00010341406,0.00011450052,7.7784061e-05,8.2075596e-05,0.00014448166,0.00021839142,0.99902344
20171212-103416-3.jpg,8,8,0.00047779083,0.00043845177,0.00016975403,0.00038933754,0.00018274784,0.00012671947,9.7155571e-05,0.00081062317,0.99707031
20171218-120143-2.jpg,8,8,0.00027728081,0.00017023087,0.00013530254,0.00033020973,9.3102455e-05,0.00017642975,9.5307827e-05,0.00043678284,0.99804688
20171218-115207-3.jpg,8,8,0.0001578331,0.00015318394,9.7215176e-05,9.8526478e-05,6.0915947e-05,0.00048971176,9.894371e-05,0.00012230873,0.99853516
20171109-195050-1.jpg,5,5,0.00030350685,0.00017118454,0.00015079975,0.00016641617,0.00011718273,0.99609375,8.9168549e-05,0.00028395653,0.0024642944
20180112-082504-1.jpg,8,8,0.00015985966,0.00020086765,8.5353851e-05,0.00023257732,0.00010037422,0.00012874603,0.00011575222,0.00030493736,0.99853516
20170714-121657-3.jpg,1,1,0.2824707,0.55078125,0.00073385239,0.0012054443,0.0011281967,0.00074100494,0.0049705505,0.083129883,0.074584961
20170728-150253-1.jpg,4,4,0.0004696846,0.00018715858,0.001162529,0.00041937828,0.98876953,0.00018906593,0.00022780895,0.00043821335,0.0078964233
20171219-112115-3.jpg,8,8,0.00037622452,0.00020945072,0.065307617,0.00037908554,0.00086736679,0.00026726723,0.00054883957,0.0005197525,0.93164062
20171220-083853-2.jpg,8,8,0.00015175343,0.00015151501,0.00011014938,0.00012874603,7.712841e-05,0.00025939941,8.2612038e-05,0.00022399426,0.99902344
20171212-094152-3.jpg,8,8,0.00015103817,0.00027346611,8.2194805e-05,0.00010108948,7.7068806e-05,0.00022923946,0.00014185905,0.00020575523,0.99853516
20171203-173903-3.jpg,8,8,0.00031471252,0.035186768,0.00022983551,0.00020241737,0.0001693964,0.00029993057,0.00090503693,0.0004029274,0.96240234
20180125-095213-1.jpg,8,8,7.1048737e-05,6.0737133e-05,5.6684017e-05,9.3638897e-05,5.0842762e-05,5.9008598e-05,0.00010043383,0.00015604496,0.99951172
20170811-111506-1.jpg,0,0,0.94335938,0.00087404251,0.00029397011,0.00031352043,0.00029110909,0.0037021637,0.00021672249,0.041534424,0.0092849731
20180105-101617-2.jpg,8,8,0.00016272068,0.00011718273,0.00022923946,6.5982342e-05,0.00094079971,0.00011628866,0.00088453293,0.00024330616,0.99707031
20180109-065829-1.jpg,8,8,0.00015509129,0.00015306473,0.00011223555,0.00017619133,0.0001013875,0.00010448694,0.00016200542,0.00039696693,0.99853516
20171220-090611-2.jpg,8,8,0.0010108948,0.0038566589,0.000182271,0.01763916,0.00022113323,0.00012242794,7.390976e-05,0.00062799454,0.97607422
20180125-131454-2.jpg,8,8,0.00011074543,7.8976154e-05,7.390976e-05,0.00013661385,6.5624714e-05,0.00010144711,5.6147575e-05,0.0001809597,0.99902344
20170714-114911-3.jpg,1,1,0.00039982796,0.99462891,0.00019109249,0.00033760071,0.00015461445,0.00018393993,0.00023937225,0.0005645752,0.0033149719
20171102-120027-1.jpg,2,2,0.00037240982,0.00030350685,0.9921875,0.00026702881,0.00086021423,0.00030684471,0.0003221035,0.00068998337,0.0049133301
20170906-114631-1.jpg,3,3,0.0011529922,0.00051593781,0.00038909912,0.98730469,0.00041913986,0.00026583672,0.00041866302,0.0028953552,0.0067481995
20170210-130823-0.jpg,7,7,0.00036478043,0.00046229362,0.00016784668,0.00036668777,0.00014209747,0.00025987625,0.00025129318,0.99462891,0.0031204224
20171203-165944-3.jpg,8,8,0.0011844635,0.0020599365,7.6711178e-05,0.00028371811,0.00012779236,0.01902771,0.000223279,0.00087881088,0.97607422
20180105-100429-3.jpg,8,8,0.00012201071,0.00011652708,8.6545944e-05,9.8526478e-05,8.6426735e-05,0.00011587143,0.0006685257,0.00020039082,0.99853516
20170714-115651-2.jpg,1,1,0.00033593178,0.98388672,0.00019586086,0.0006980896,0.0001745224,0.00026464462,0.00040006638,0.00055742264,0.013710022
20180112-082218-2.jpg,8,8,0.00039958954,0.00017261505,0.0001103282,0.0011100769,0.00015807152,0.00012981892,8.6963177e-05,0.00047802925,0.99755859
20171220-092053-2.jpg,8,8,0.00095939636,0.00050210953,0.0001295805,0.00024342537,9.4413757e-05,0.0035667419,0.00017333031,0.00037527084,0.99414062
20170718-100305-2.jpg,0,0,0.85009766,0.00078296661,0.00015592575,0.00182724,0.0002014637,0.0002913475,0.00014483929,0.13244629,0.013999939
20171109-072135-3.jpg,5,5,0.00026273727,0.0001527071,9.6619129e-05,9.9420547e-05,9.5009804e-05,0.99658203,8.4936619e-05,0.00020718575,0.0024719238
20171025-074849-2.jpg,3,3,0.0010375977,0.0010309219,0.00053930283,0.98779297,0.00098133087,0.0005106926,0.00046682358,0.00067996979,0.0071601868
20180112-102528-1.jpg,8,8,0.00025105476,0.00020205975,0.00023877621,0.00014567375,0.00026273727,0.00014936924,0.00061225891,0.00033044815,0.99804688
20171025-094918-1.jpg,3,3,0.000893116,0.00062561035,0.00050210953,0.99023438,0.00072860718,0.00041508675,0.00066232681,0.00084066391,0.0051994324
20170704-155615-0.jpg,7,8,0.027389526,0.0036716461,0.00032782555,0.0007686615,0.00034356117,0.00059938431,0.00025486946,0.052307129,0.91455078
20171121-074235-1.jpg,6,6,0.00019156933,0.00027966499,0.00021517277,0.00016772747,0.00024676323,0.00015580654,0.99169922,0.00029993057,0.0067214966
20171109-092406-1.jpg,5,5,0.00028014183,0.00035238266,0.00021231174,0.00022339821,0.00021004677,0.99414062,0.00017011166,0.00032973289,0.0042152405
20170610-123122-0.jpg,1,1,0.00024271011,0.99560547,0.00013971329,0.00016713142,0.00020003319,0.00016748905,0.00036168098,0.00071573257,0.0024757385
20171109-093645-3.jpg,5,5,0.00046849251,0.00041103363,0.00022089481,0.00022220612,0.00021982193,0.99462891,0.00016188622,0.00042080879,0.0034599304
20180125-123155-2.jpg,8,8,0.00013232231,7.0571899e-05,0.00010544062,9.649992e-05,0.00010752678,6.5743923e-05,0.00014102459,0.00031256676,0.99902344
20180112-081025-2.jpg,8,8,0.0001322031,0.00013256073,0.00011098385,0.00056171417,0.00014233589,9.0420246e-05,0.00010365248,0.00031709671,0.99853516
20170906-092947-1.jpg,3,3,0.00070810318,0.00054597855,0.00030350685,0.99169922,0.00046825409,0.00018572807,0.00015318394,0.0010576248,0.0047187805
20180119-113009-2.jpg,8,8,0.00011402369,0.000192523,6.0200691e-05,0.00011128187,6.4849854e-05,8.7380409e-05,6.0677528e-05,0.0001180172,0.99902344
20171203-172149-3.jpg,8,8,0.13952637,0.0005364418,0.00020182133,0.0010681152,0.00041818619,0.00022161007,0.00021481514,0.002702713,0.85498047
20171121-072941-1.jpg,6,6,0.00016176701,0.00023889542,0.00014746189,8.3267689e-05,0.00020492077,0.00011205673,0.99658203,0.00019478798,0.0024967194
20180105-100443-2.jpg,8,8,0.00014030933,5.1081181e-05,0.00010222197,9.572506e-05,0.00011104345,6.467104e-05,0.00013971329,0.00023376942,0.99902344
20180125-135034-2.jpg,8,8,7.9989433e-05,9.6619129e-05,6.0260296e-05,9.7572803e-05,6.7293644e-05,5.5730343e-05,6.1631203e-05,0.0001129508,0.99951172
20171220-083350-2.jpg,8,8,0.00027561188,0.00021338463,0.00021529198,0.00031495094,0.00015151501,0.00026130676,0.00011730194,0.00043678284,0.99804688
20171121-090235-3.jpg,6,6,0.00020456314,0.00039553642,0.00016641617,9.739399e-05,0.00019943714,0.00010335445,0.99560547,0.00022757053,0.0030288696
20170405-155617-0.jpg,0,8,0.078308105,0.00040602684,0.00019407272,0.00041818619,0.00026631355,0.0012607574,0.00022697449,0.0033283234,0.91552734
20170128-102642-0.jpg,8,8,0.00066423416,0.0028820038,0.00013506413,0.00068902969,0.00014460087,0.00027036667,0.00028133392,0.00038409233,0.99462891
20180109-085911-1.jpg,8,8,0.00020945072,0.00019693375,8.7022781e-05,0.00020122528,9.6619129e-05,0.00016486645,0.00012242794,0.00038290024,0.99853516
20171218-104341-2.jpg,8,8,0.00028729439,0.0003683567,0.00010085106,0.00014734268,7.8260899e-05,0.0014638901,0.00010550022,0.00015258789,0.99707031
20170920-160449-3.jpg,2,2,0.00024700165,0.00017726421,0.99414062,0.00021576881,0.00055170059,0.00022721291,0.00017762184,0.00025749207,0.004108429
20171025-093313-1.jpg,3,3,0.00087976456,0.00044441223,0.0003592968,0.98291016,0.0003926754,0.00047922134,0.00030040741,0.00060749054,0.013771057
20170718-132427-2.jpg,7,7,0.00082349777,0.00073432922,0.0003631115,0.0027313232,0.00038862228,0.00031900406,0.00030374527,0.98388672,0.010437012
20180105-093410-2.jpg,8,8,0.00047540665,0.00043940544,0.00036859512,0.00045514107,0.00044107437,0.00022792816,0.0045013428,0.00065326691,0.99267578
20170715-131853-1.jpg,1,1,0.00033664703,0.99316406,0.00021886826,0.00064659119,0.00019395351,0.00025629997,0.0003631115,0.00039434433,0.0045700073
20170729-092430-1.jpg,4,4,0.00047707558,0.00037145615,0.00039124489,0.00033378601,0.98876953,0.00019884109,0.00025606155,0.00021839142,0.0087585449
20180322-114739-1.jpg,8,8,6.1631203e-05,6.0677528e-05,4.8220158e-05,9.137392e-05,5.2571297e-05,0.00013661385,5.4955482e-05,8.0645084e-05,0.99951172
20170714-114444-2.jpg,1,1,0.00029492378,0.99121094,0.00020253658,0.00040578842,0.00017893314,0.000259161,0.00046157837,0.00079727173,0.0059928894
20180109-101356-1.jpg,8,8,0.00019145012,0.00017547607,8.8393688e-05,0.00021803379,0.00010305643,0.00011277199,0.00014436245,0.00040197372,0.99853516
20180105-092644-2.jpg,8,8,0.00020492077,0.00014817715,0.0002092123,0.0001295805,0.0002579689,8.6009502e-05,0.00023519993,0.00035309792,0.99853516
20170714-112539-2.jpg,1,1,0.00043559074,0.99414062,0.00019240379,0.00041627884,0.00017917156,0.00023412704,0.00022041798,0.00077676773,0.0034103394
20180112-071857-1.jpg,8,8,8.72612e-05,0.00017094612,0.00011092424,0.00020003319,0.00012326241,8.1539154e-05,0.00011956692,0.000238657,0.99902344
20170718-094600-2.jpg,0,0,0.96875,0.0020923615,0.00026679039,0.00045847893,0.00042510033,0.0004734993,0.00024914742,0.0031414032,0.023971558
20180112-080611-1.jpg,8,8,0.00013482571,0.00015628338,8.1002712e-05,0.00023376942,0.00012671947,0.00010240078,0.0001128912,0.00025629997,0.99902344
20180112-075851-2.jpg,8,8,0.00024187565,0.00015127659,7.5757504e-05,0.00043964386,0.00015699863,7.6830387e-05,5.1677227e-05,0.00030255318,0.99853516
20180109-072257-2.jpg,8,8,0.00016188622,0.00024604797,0.00051784515,0.00022065639,0.00017929077,0.00019085407,0.018981934,0.00053882599,0.97900391
20171220-090319-2.jpg,8,8,0.00024235249,0.00023424625,0.00018644333,0.00025105476,0.00012946129,0.00024032593,0.00010746717,0.00033330917,0.99804688
20171025-075034-2.jpg,3,3,0.00078773499,0.00084733963,0.00049257278,0.98925781,0.00080442429,0.0004992485,0.00036382675,0.00057983398,0.006149292
20171219-093218-2.jpg,8,8,0.0034255981,0.0011711121,0.00013768673,0.00038743019,9.5129013e-05,0.00031900406,0.00012028217,0.00045657158,0.99365234
20170811-134322-1.jpg,0,0,0.83007812,0.0081253052,0.00025606155,0.00052547455,0.00056600571,0.00026512146,0.00038743019,0.027618408,0.13208008
20180109-090828-2.jpg,8,8,0.00028204918,0.00019335747,8.4102154e-05,0.00086545944,0.0001154542,0.00026035309,0.00013566017,0.00033402443,0.99755859
20180322-114102-1.jpg,8,8,7.0571899e-05,3.4868717e-05,4.7087669e-05,0.00011885166,4.9591064e-05,0.0001860857,4.1484833e-05,0.00011336803,0.99951172
20171205-134332-2.jpg,8,8,0.00034046173,0.00019299984,0.00017166138,0.0025749207,0.00014507771,0.0001449585,7.9989433e-05,0.0002849102,0.99609375
20180112-092341-2.jpg,8,8,0.00024914742,0.0001462698,6.3598156e-05,0.00019454956,7.8737736e-05,5.3942204e-05,7.0691109e-05,0.00031876564,0.99902344
20180125-125757-2.jpg,8,8,6.6637993e-05,6.3896179e-05,7.379055e-05,8.4578991e-05,5.2988529e-05,5.5134296e-05,8.392334e-05,0.00010865927,0.99951172
20171203-170028-3.jpg,8,8,0.00021791458,0.00085735321,0.0001026988,0.00016570091,0.00011986494,0.00011390448,0.00016653538,0.00023436546,0.99804688
20171220-101708-2.jpg,8,8,0.0001950264,0.00028657913,0.00016462803,0.00013327599,9.5307827e-05,0.00032305717,0.00013554096,0.00017774105,0.99853516
20180119-110514-2.jpg,8,8,0.00019168854,0.00031590462,9.4294548e-05,0.00011497736,8.9645386e-05,0.00011497736,0.00012040138,0.00028204918,0.99853516
20170920-130730-2.jpg,2,2,0.000446558,0.00046467781,0.98730469,0.00099658966,0.0052871704,0.000202775,0.00032830238,0.00053691864,0.0045928955
20180322-111123-2.jpg,8,8,0.00015115738,0.00010555983,6.1392784e-05,0.00016868114,7.3075294e-05,9.137392e-05,8.0704689e-05,0.00023138523,0.99902344
20170610-122952-0.jpg,1,1,0.0039367676,0.93261719,0.00024795532,0.00081205368,0.00027012825,0.00080490112,0.043792725,0.00623703,0.011489868
20170727-130159-1.jpg,4,4,0.00024747849,0.00015890598,0.00065660477,0.00033187866,0.99414062,0.00018632412,0.00021874905,0.00029826164,0.0038204193
20171109-091950-1.jpg,5,5,0.00019812584,0.00031495094,0.00017547607,0.00025820732,0.0001335144,0.99560547,0.00013136864,0.00029349327,0.0026454926
20180125-092820-1.jpg,8,8,7.0273876e-05,6.3717365e-05,5.3882599e-05,7.6293945e-05,5.4895878e-05,5.5253506e-05,6.3598156e-05,0.00010687113,0.99951172
20171113-124455-1.jpg,6,6,0.00013363361,0.00016474724,0.00019359589,8.5532665e-05,0.00025320053,8.7082386e-05,0.99707031,0.00013685226,0.0021038055
20171220-100431-1.jpg,8,8,0.00016033649,0.00015604496,9.7870827e-05,0.00014901161,7.1644783e-05,0.00013673306,8.648634e-05,0.000233531,0.99902344
20170127-102841-0.jpg,1,1,0.00044584274,0.99316406,0.00029397011,0.00052404404,0.00019359589,0.00022125244,0.00031352043,0.00089359283,0.0038890839
20170610-124114-0.jpg,1,1,0.00043845177,0.98925781,0.00020110607,0.00031757355,0.00017213821,0.00028586388,0.0003759861,0.00064277649,0.0082931519
20171109-093143-1.jpg,5,5,0.00023043156,0.00024008751,0.00029826164,0.00030231476,0.00019574165,0.99560547,0.00018835068,0.00032234192,0.0028457642
20180322-114302-2.jpg,8,8,8.5353851e-05,6.9499016e-05,5.6862831e-05,0.00011098385,7.802248e-05,6.6578388e-05,6.8128109e-05,0.00013887882,0.99951172
20180322-133223-1.jpg,8,8,8.7738037e-05,6.5684319e-05,5.6922436e-05,0.00011563301,7.2777271e-05,6.7710876e-05,5.954504e-05,0.00014424324,0.99951172
20180322-130108-1.jpg,8,8,0.00012165308,0.00012564659,7.134676e-05,8.0108643e-05,6.6101551e-05,4.7922134e-05,3.8266182e-05,0.00016832352,0.99951172
20171220-095328-2.jpg,8,8,0.00018823147,0.00023472309,0.0001591444,0.00023043156,0.00014686584,0.00014710426,0.00011026859,0.00024867058,0.99853516
20161207-111342-0.jpg,0,0,0.99316406,0.0005364418,0.0003528595,0.00041794777,0.00032138824,0.00030708313,0.00025081635,0.001077652,0.0036754608
20170913-103228-1.jpg,3,3,0.00030708313,0.00028777122,0.00026154518,0.99511719,0.00048494339,0.00035881996,0.00014102459,0.00028467178,0.0029888153
20171203-170407-3.jpg,8,8,0.00040984154,0.0023708344,0.00011819601,0.00013113022,0.00016772747,0.00015842915,0.00025486946,0.00029206276,0.99609375
20170906-111904-4.jpg,3,3,0.0011405945,0.00050449371,0.00075244904,0.98974609,0.00065565109,0.00029301643,0.00020456314,0.0010089874,0.0059242249
20180105-101926-2.jpg,8,8,0.00012153387,0.00010854006,0.00013279915,0.00011253357,0.00011044741,0.0001013875,0.00047755241,0.00026917458,0.99853516
20180125-091420-2.jpg,8,8,8.4102154e-05,8.9347363e-05,6.6995621e-05,8.2969666e-05,6.4909458e-05,7.7545643e-05,8.3684921e-05,0.00014770031,0.99951172
20171220-091651-3.jpg,8,8,0.00036215782,0.00025463104,0.00011491776,0.00020849705,0.00014960766,0.00026082993,0.00014019012,0.00033807755,0.99804688
20180105-100947-2.jpg,8,8,0.00038576126,0.00023329258,0.00021266937,0.00015199184,0.00023448467,0.00024580956,0.0083465576,0.00077724457,0.98925781
20170714-111357-2.jpg,1,1,0.00027894974,0.99609375,0.00013148785,0.00029206276,0.00013267994,0.00019168854,0.00021743774,0.00041031837,0.0023880005
20171219-111807-3.jpg,8,8,0.00088739395,0.00039339066,0.00069236755,0.0013151169,0.0044631958,0.00020313263,0.00061845779,0.0010166168,0.99023438
20171220-091902-3.jpg,8,8,0.00053215027,0.00061941147,0.0001231432,0.00018024445,0.00018560886,0.0010824203,0.00051355362,0.00053167343,0.99609375
20170729-092444-2.jpg,4,4,0.00034189224,0.00017046928,0.00057840347,0.00038909912,0.9921875,0.0002040863,0.00018525124,0.00030064583,0.0054855347
20161207-111555-0.jpg,0,0,0.99072266,0.00064468384,0.00025033951,0.0003631115,0.00032114983,0.00038146973,0.00026369095,0.0011138916,0.0060997009
20180112-094807-2.jpg,8,8,0.00019884109,0.00018048286,0.00010579824,0.0002720356,0.00010478497,0.00011968613,0.00010544062,0.00029850006,0.99853516
20170304-131806-0.jpg,7,7,0.00067090988,0.00023150444,8.6307526e-05,0.00016617775,6.2465668e-05,0.00010973215,0.00010150671,0.99462891,0.0037899017
20180125-095338-1.jpg,8,8,0.00010162592,8.4638596e-05,8.1419945e-05,0.00021541119,7.7605247e-05,8.4400177e-05,9.7632408e-05,0.00015974045,0.99902344
20170727-114409-3.jpg,4,4,0.00041151047,0.00031709671,0.001039505,0.00050067902,0.99169922,0.0003926754,0.00028085709,0.00041484833,0.004989624
20171113-105049-0.jpg,6,6,0.00017690659,0.00018072128,0.00014472008,8.2612038e-05,0.00016033649,0.00010317564,0.99658203,0.00017082691,0.0021724701
20171218-104233-3.jpg,8,8,0.00026011467,0.0001591444,0.00012600422,0.00011521578,0.00011658669,0.00016796589,7.0929527e-05,0.00027275085,0.99853516
20170217-122047-0.jpg,0,0,0.99462891,0.00022268295,0.00023770332,0.00030398369,0.000218153,0.00022661686,0.00018882751,0.00046086311,0.003572464
20180109-100454-1.jpg,8,8,0.00025773048,0.00018560886,0.00014984608,0.00035595894,0.00016796589,0.00012719631,0.00023031235,0.00046896935,0.99804688
20171113-121817-1.jpg,6,6,0.00072431564,0.0032291412,0.00048589706,0.00043773651,0.00056934357,0.00040721893,0.96679688,0.00097370148,0.026428223
20170714-142832-3.jpg,1,1,0.001709938,0.98388672,0.00048398972,0.0010766983,0.00042390823,0.00067090988,0.00051546097,0.0019083023,0.0092468262
20180125-091925-1.jpg,8,8,7.0095062e-05,7.2479248e-05,5.7816505e-05,7.5697899e-05,6.121397e-05,5.7697296e-05,6.8187714e-05,0.00010317564,0.99951172
20180125-100508-1.jpg,8,8,7.891655e-05,0.00011628866,8.1598759e-05,0.00010621548,6.7472458e-05,9.2864037e-05,0.0001758337,0.00016498566,0.99902344
20180112-081003-1.jpg,8,8,0.00010120869,0.00012069941,7.2360039e-05,0.00019288063,7.8320503e-05,8.6903572e-05,9.5248222e-05,0.00020420551,0.99902344
20171218-110851-2.jpg,8,7,0.0040931702,0.00046539307,0.00073432922,0.0040969849,0.00021326542,0.00051641464,0.00035524368,0.79589844,0.19360352
20171219-093120-3.jpg,8,8,0.00032877922,0.020172119,0.00016140938,0.00021576881,0.00012117624,0.00050210953,0.00028252602,0.00034022331,0.97802734
20170811-131557-2.jpg,0,0,0.99414062,0.00018453598,0.00021135807,0.00023257732,0.0001693964,0.00031733513,0.00016093254,0.00038003922,0.0041885376
20170727-152827-1.jpg,4,4,0.0003516674,0.00012922287,0.00039076805,0.00035357475,0.99316406,0.00015103817,0.00016510487,0.00030493736,0.0049552917
20180109-070024-1.jpg,8,8,9.1791153e-05,8.0168247e-05,0.00011372566,9.483099e-05,7.2777271e-05,6.8187714e-05,0.00013434887,0.00016784668,0.99902344
20170610-122454-0.jpg,1,1,0.00052261353,0.99560547,0.00013303757,0.00042557716,0.00014483929,0.00033760071,0.00016593933,0.00028586388,0.0025482178
20180109-070613-1.jpg,8,8,0.0001257658,0.00012326241,0.00014746189,0.00018072128,0.00016021729,0.00014293194,0.00040864944,0.00027894974,0.99853516
20171025-082631-3.jpg,3,3,0.00053405762,0.00044584274,0.00029063225,0.97216797,0.00043296814,0.0002810955,0.00018298626,0.0004825592,0.02507019
20180125-132051-3.jpg,8,8,0.00028324127,0.00052928925,0.00015223026,0.00015115738,0.00012779236,0.00011390448,0.00021243095,0.00047779083,0.99804688
20180322-115146-2.jpg,8,8,0.00010317564,0.00013184547,7.1465969e-05,0.00022852421,0.00011914968,7.1048737e-05,0.00013256073,0.00024461746,0.99902344
20170714-122506-3.jpg,1,1,0.00072574615,0.99023438,0.00049161911,0.00090169907,0.00048470497,0.0004336834,0.00044775009,0.0010213852,0.0054588318
20171220-094659-1.jpg,8,8,0.00014662743,0.0001488924,0.00014686584,0.00024676323,0.00012814999,0.0002450943,0.00011736155,0.00029802322,0.99853516
20171218-114955-3.jpg,8,8,0.00016486645,0.00012886524,8.7320805e-05,0.00024604797,9.8228455e-05,0.00034379959,0.0001090765,0.00021064281,0.99853516
20180105-104158-1.jpg,8,8,0.00032806396,0.00073385239,0.00036406517,0.00020241737,0.00044369698,0.00013697147,0.004699707,0.00038862228,0.99267578
20171219-101319-2.jpg,8,8,0.00054216385,0.00048422813,0.00031328201,0.00014567375,0.00038552284,0.00014662743,0.00012141466,0.00065660477,0.99707031
20171220-094442-2.jpg,8,8,0.00020813942,0.00045132637,0.00013899803,0.00016403198,0.00010710955,0.0012779236,0.00017893314,0.00024962425,0.99707031
20171220-091302-2.jpg,8,8,0.00019609928,0.00019848347,0.00014269352,0.00012540817,0.00010406971,0.00051546097,8.5353851e-05,0.00022923946,0.99853516
20170217-100152-0.jpg,7,7,0.00063419342,0.00061941147,0.00013840199,0.00032567978,0.00011759996,0.00025653839,0.000248909,0.99462891,0.0028972626
20171121-090820-3.jpg,6,6,0.00017845631,0.00023829937,0.00019812584,9.5784664e-05,0.00022578239,0.0001244545,0.99609375,0.000202775,0.0028305054
20170315-090401-0.jpg,8,8,0.0003387928,0.00026106834,0.0002682209,0.00044298172,0.00012350082,9.816885e-05,4.6849251e-05,0.00046467781,0.99804688
20170727-113134-3.jpg,4,4,0.00074481964,0.00036263466,0.023742676,0.00056552887,0.93945312,0.00040531158,0.00042724609,0.00068902969,0.033813477
20170728-151823-1.jpg,8,8,0.00014674664,9.0241432e-05,0.00015902519,0.00014007092,0.0016155243,6.1988831e-05,0.00015425682,0.00017857552,0.99755859
20171203-174638-3.jpg,8,8,0.00028395653,0.0012626648,0.00011926889,0.00012141466,0.00010716915,0.00024402142,0.00024962425,0.00025868416,0.99755859
20170920-120150-2.jpg,2,2,0.00045323372,0.00032305717,0.98095703,0.00045967102,0.0025463104,0.00017857552,0.00042581558,0.00046372414,0.014160156
20180112-074634-2.jpg,8,8,0.00016009808,0.00010985136,6.9797039e-05,0.00038290024,7.6591969e-05,0.00011658669,6.1154366e-05,0.00021064281,0.99902344
20180112-082558-1.jpg,8,8,0.0001373291,0.00014829636,8.2850456e-05,0.00019562244,8.5234642e-05,8.2373619e-05,9.7334385e-05,0.00027418137,0.99902344
20170920-192030-1.jpg,2,2,0.0002913475,0.00026774406,0.99365234,0.00035762787,0.00090312958,0.00022816658,0.00025391579,0.00035691261,0.0039100647
20171109-074110-1.jpg,5,5,0.0001629591,0.00011384487,0.00014936924,9.4115734e-05,0.00013852119,0.99560547,0.00010061264,0.00019514561,0.0033340454
20171205-134024-2.jpg,8,8,0.0001282692,0.00020730495,8.893013e-05,0.00019776821,8.9287758e-05,0.00016248226,0.00012266636,0.00016653538,0.99902344
20171219-112050-3.jpg,8,8,0.00023818016,0.00011885166,0.032012939,0.00029826164,0.0016059875,9.3638897e-05,0.000477314,0.00030350685,0.96484375
20170404-154352-0.jpg,7,7,0.00089740753,0.00050926208,0.00015258789,0.00026011467,0.00011122227,0.00032544136,0.00021111965,0.99365234,0.0036830902
20170217-150733-0.jpg,0,0,0.99169922,0.00040245056,0.00035905838,0.00037908554,0.00036668777,0.00028181076,0.00033855438,0.00097513199,0.0052146912
20171218-112736-3.jpg,8,8,0.0004222393,0.010986328,0.00011670589,0.00020456314,0.00010418892,0.00020778179,0.00027918816,0.0005235672,0.98730469
20170728-151210-1.jpg,4,4,0.00042533875,0.00017511845,0.0028762817,0.00034308434,0.98876953,0.00020134449,0.00026249886,0.00038146973,0.0066871643
20180112-080716-1.jpg,8,8,0.00021135807,0.00029063225,0.00010412931,0.00034832954,0.00015735626,0.00012767315,0.00011175871,0.00040745735,0.99804688
20171113-133014-3.jpg,6,6,0.00017344952,0.00027012825,0.00031781197,0.0001758337,0.00043487549,0.00015199184,0.99365234,0.00040483475,0.004486084
20180125-130816-2.jpg,8,8,0.00021588802,0.00012779236,5.7220459e-05,0.00012755394,5.787611e-05,7.6770782e-05,5.4836273e-05,0.00032186508,0.99902344
20180109-095458-2.jpg,8,8,0.0002310276,0.00016093254,0.00015890598,0.001115799,0.00020897388,0.00013458729,0.00017488003,0.00068950653,0.99707031
20170706-105125-0.jpg,7,7,0.0039138794,0.0012245178,0.00038027763,0.00062131882,0.00038838387,0.0006313324,0.00074863434,0.91943359,0.07244873
20171113-123332-0.jpg,6,6,0.00027894974,0.00052165985,0.00032329559,0.0001718998,0.00035476685,0.00023770332,0.99462891,0.00052833557,0.0029659271
20171218-120648-3.jpg,8,8,0.00019848347,0.00033116341,0.00015318394,0.00012898445,0.00012338161,0.001001358,0.000182271,0.00027132034,0.99755859
20171218-113215-3.jpg,8,8,0.00023269653,0.00019836426,0.0001167655,0.00030398369,0.00012326241,0.00033164024,0.00011402369,0.00033855438,0.99804688
20171212-093440-3.jpg,8,8,0.00025248528,0.00022578239,0.0001885891,0.00076532364,0.00016105175,0.0002849102,0.00013029575,0.00037741661,0.99755859
20180125-133504-2.jpg,8,8,0.00010895729,9.5665455e-05,6.0260296e-05,0.00010466576,5.6445599e-05,6.7651272e-05,6.5624714e-05,0.00016570091,0.99951172
20170920-113554-2.jpg,2,2,0.00034809113,0.00031876564,0.9921875,0.00042200089,0.0017156601,0.00023853779,0.00043535233,0.0003991127,0.0040969849
20180105-092829-2.jpg,8,8,8.1181526e-05,7.6115131e-05,0.00012242794,9.1195107e-05,7.5340271e-05,8.4757805e-05,0.00023281574,0.00018680096,0.99902344
20170217-121730-0.jpg,0,0,0.99316406,0.00041413307,0.00039100647,0.0003054142,0.00047111511,0.00050020218,0.0003387928,0.00054883957,0.0038967133
20171212-094009-1.jpg,8,8,0.00015676022,0.00017571449,0.00013828278,0.00020718575,9.8645687e-05,0.00019478798,8.9108944e-05,0.00026583672,0.99853516
20170727-125558-3.jpg,4,4,0.00018918514,0.00013482571,0.00071525574,0.0003387928,0.99560547,0.00015819073,0.00020837784,0.00023567677,0.0026340485
20171205-123739-2.jpg,8,8,0.000223279,0.00038719177,0.00016319752,0.00019955635,0.00019323826,0.011711121,0.00018727779,0.00035619736,0.98681641
20171102-120557-3.jpg,2,2,0.00034141541,0.00030255318,0.99169922,0.00030660629,0.00076198578,0.00035262108,0.00026631355,0.00041127205,0.0057525635
20171025-172200-3.jpg,3,3,0.00083780289,0.00073575974,0.00070571899,0.98779297,0.00077009201,0.00041389465,0.00047779083,0.0004940033,0.0079498291
20180109-075540-2.jpg,8,8,0.00016593933,0.00021767616,0.00027489662,0.00035119057,0.00026273727,7.6472759e-05,0.00023663044,0.00049686432,0.99804688
20180109-074212-2.jpg,8,8,0.0010929108,0.0019855499,0.00043511391,0.00037479401,0.00044989586,0.00069618225,0.010810852,0.0021514893,0.98193359
20170920-162654-3.jpg,2,2,0.00024223328,0.00018751621,0.99267578,0.00031709671,0.000893116,0.00010985136,0.00017094612,0.00031089783,0.0049552917
20170711-121008-0.jpg,0,0,0.99023438,0.00061321259,0.00042366982,0.00033211708,0.00038695335,0.00020265579,0.00016963482,0.00044393539,0.0071029663
20180322-104201-1.jpg,8,8,0.00011527538,9.0837479e-05,5.6147575e-05,0.00012564659,8.6784363e-05,6.0021877e-05,5.9306622e-05,0.00017058849,0.99902344
20180322-114240-2.jpg,8,8,7.4505806e-05,6.4074993e-05,4.7385693e-05,6.9737434e-05,5.865097e-05,4.8339367e-05,6.4015388e-05,0.00011390448,0.99951172
20171212-104533-3.jpg,8,8,0.00021207333,0.0002092123,9.3400478e-05,0.00025439262,9.5307827e-05,0.00018250942,9.6917152e-05,0.00027966499,0.99853516
20170217-102049-0.jpg,0,0,0.99365234,9.2923641e-05,9.6857548e-05,9.0241432e-05,0.00010848045,0.00033736229,8.9049339e-05,0.0023574829,0.0029659271
20170920-162842-3.jpg,2,2,0.00026655197,0.00030612946,0.99365234,0.00029802322,0.00077676773,0.00023472309,0.00033164024,0.00034618378,0.0037155151
20171025-082205-2.jpg,3,3,0.00091743469,0.0003156662,0.00026369095,0.98779297,0.00029945374,0.00046992302,0.00016927719,0.0006518364,0.0092010498
20170714-142904-3.jpg,1,1,0.00036025047,0.99560547,0.00016486645,0.00035333633,0.00014519691,0.00018060207,0.00018620491,0.00046825409,0.0027580261
20170714-141919-3.jpg,1,1,0.00030517578,0.99560547,0.00016963482,0.00042629242,0.00022447109,0.00024724007,0.00028586388,0.00043320656,0.0023345947
20180105-095450-2.jpg,8,8,7.7188015e-05,5.8472157e-05,7.5697899e-05,6.0677528e-05,6.0200691e-05,5.9783459e-05,0.00016510487,0.00012564659,0.99951172
20180105-092934-2.jpg,8,8,8.9466572e-05,7.9393387e-05,9.7692013e-05,8.481741e-05,8.6009502e-05,9.4532967e-05,0.00033712387,0.00015640259,0.99902344
20180322-104221-1.jpg,8,8,9.4652176e-05,8.9287758e-05,5.030632e-05,0.00012803078,6.6816807e-05,5.9902668e-05,5.5074692e-05,0.00014317036,0.99951172
20171218-111752-2.jpg,8,8,0.0026779175,0.00027346611,0.00032997131,0.00081825256,0.00030446053,0.0003695488,0.00020611286,0.1116333,0.88330078
20180109-071108-2.jpg,8,8,0.00018012524,9.0122223e-05,0.00012111664,0.00012266636,0.00012981892,8.6009502e-05,0.0010509491,0.00022768974,0.99804688
20171121-181157-2.jpg,6,6,0.00023019314,0.00036382675,0.00015032291,8.6605549e-05,0.0002259016,9.2506409e-05,0.99414062,0.0001899004,0.0043716431
20171220-094713-2.jpg,8,8,0.00014936924,0.00022399426,0.00011783838,0.00012040138,7.0929527e-05,0.00024354458,9.1612339e-05,0.00018501282,0.99902344
20170920-114137-3.jpg,2,2,0.0009098053,0.000467062,0.98925781,0.00071620941,0.0014753342,0.00025987625,0.00031280518,0.00081968307,0.0056037903
20180109-074929-2.jpg,8,8,0.00022137165,0.00014972687,0.00024700165,0.00017237663,0.00015413761,9.7453594e-05,0.00035858154,0.0002310276,0.99853516
20171121-073022-1.jpg,6,6,0.00018846989,0.00079917908,0.0001333952,9.8705292e-05,0.00017821789,0.0001142621,0.99462891,0.0003027916,0.0037212372
20180322-103111-1.jpg,8,8,0.00010162592,6.4492226e-05,0.0005607605,0.00032091141,0.001367569,5.8948994e-05,0.00010412931,0.00012397766,0.99707031
20171220-084555-3.jpg,8,8,0.00015568733,0.00011533499,0.00010162592,0.00016796589,0.00012099743,0.0001540184,6.8485737e-05,0.00019001961,0.99902344
20170127-102151-0.jpg,1,1,0.00020956993,0.9921875,0.00010764599,0.00023984909,8.481741e-05,0.00020933151,0.00016093254,0.00031542778,0.0062561035
20171113-133148-3.jpg,6,6,0.0001527071,0.00041031837,0.00017356873,0.0001488924,0.00028634071,0.00013947487,0.9921875,0.00052070618,0.005859375
20170728-150307-1.jpg,8,8,0.00034761429,5.030632e-05,0.003698349,0.00020754337,0.00038099289,6.6459179e-05,0.00012362003,0.00043797493,0.99462891
20170714-142008-2.jpg,1,1,0.00017225742,0.99560547,9.9480152e-05,0.00020420551,0.00010871887,0.00014519691,0.0001565218,0.00027537346,0.0033111572
20170920-162413-3.jpg,2,2,0.00019752979,0.00016021729,0.99462891,0.00025653839,0.00056791306,0.0001565218,0.00019299984,0.00019776821,0.0034866333
20171219-094732-2.jpg,8,8,0.00013649464,0.00021088123,7.5638294e-05,0.00014853477,8.302927e-05,0.00013077259,0.00010818243,0.00020289421,0.99902344
20180112-092057-1.jpg,8,8,0.00011539459,0.00014162064,7.7426434e-05,0.00013446808,7.4625015e-05,9.1016293e-05,0.00011479855,0.00020861626,0.99902344
20170217-100309-0.jpg,7,7,0.00063896179,0.00046896935,0.00015556812,0.00047469139,0.00017356873,0.00072717667,0.00042963028,0.99169922,0.0051803589
20180125-100234-2.jpg,8,8,0.0014314651,0.0001386404,0.00013673306,0.00034403801,0.00011074543,0.00032162666,9.0003014e-05,0.00039982796,0.99707031
20171109-071703-1.jpg,5,5,0.00034475327,0.00062894821,0.00034809113,0.0002373457,0.00037479401,0.99267578,0.00030708313,0.00048065186,0.0044364929
20180112-073844-1.jpg,8,8,0.00013005733,0.00017535686,7.5399876e-05,0.000187397,9.7513199e-05,9.3758106e-05,9.7036362e-05,0.00025510788,0.99902344
20170404-153707-0.jpg,7,7,0.00034046173,0.00042390823,9.9956989e-05,0.00026082993,6.9200993e-05,0.00012803078,0.00010800362,0.99365234,0.0049285889
20171205-123635-2.jpg,8,8,0.00012409687,0.00015187263,9.5367432e-05,8.3386898e-05,7.1525574e-05,0.00036382675,7.2956085e-05,0.00016927719,0.99902344
20170727-125612-3.jpg,4,4,0.00050640106,0.00016283989,0.0010108948,0.0004594326,0.99072266,0.00023269653,0.00033187866,0.00043725967,0.006362915
20171218-122318-3.jpg,8,8,0.00023782253,0.00044846535,0.00012731552,0.00019979477,0.0001038909,0.00075960159,0.00037360191,0.00018262863,0.99755859
20171025-074453-2.jpg,3,8,0.0011100769,0.0020141602,0.00093793869,0.33154297,0.0015554428,0.00037264824,0.0022525787,0.00065279007,0.65966797
20180322-130936-1.jpg,8,8,8.7440014e-05,6.54459e-05,0.00011283159,0.00018978119,0.00013709068,7.2002411e-05,8.6426735e-05,0.00013577938,0.99902344
20180322-103032-2.jpg,8,8,0.00014340878,0.00014853477,9.6380711e-05,0.00020503998,0.00014257431,8.3327293e-05,0.00010359287,0.00025582314,0.99902344
20170906-115312-1.jpg,3,3,0.0028133392,0.00075435638,0.00082302094,0.98242188,0.0023765564,0.00037336349,0.00025033951,0.001584053,0.0085906982
20180112-104200-2.jpg,8,8,0.00025773048,0.00026845932,0.00023901463,0.00021803379,0.00014722347,0.00026416779,9.0301037e-05,0.0005569458,0.99804688
20171025-074750-2.jpg,3,3,0.0010070801,0.0017271042,0.00059127808,0.98388672,0.0011920929,0.00055360794,0.00068902969,0.0011634827,0.0092926025
20171109-074838-3.jpg,5,5,0.00056600571,0.00055027008,0.00031495094,0.00040125847,0.0003259182,0.99169922,0.00030469894,0.00061655045,0.0053100586
20170913-105658-2.jpg,3,3,0.00056791306,0.00050401688,0.00049686432,0.99121094,0.00097465515,0.00097751617,0.00029730797,0.00054693222,0.004322052
20171219-095838-3.jpg,8,8,0.00021529198,0.00025486946,0.00010919571,0.00020492077,0.00010108948,0.00015699863,9.059906e-05,0.00027108192,0.99853516
20180109-103216-1.jpg,8,8,0.00021660328,0.00016009808,0.00018882751,0.00023174286,0.0001938343,7.891655e-05,0.00010842085,0.00053167343,0.99804688
20171113-094355-3.jpg,5,5,0.0003619194,0.00036525726,0.00025749207,0.00020873547,0.0002117157,0.99023438,0.00038456917,0.00035047531,0.0076408386
20180125-091359-1.jpg,8,8,8.4280968e-05,6.8247318e-05,5.209446e-05,7.969141e-05,5.4478645e-05,6.3538551e-05,7.0214272e-05,0.00014615059,0.99951172
20171113-095713-1.jpg,5,5,0.0004556179,0.00030183792,0.00018751621,0.00015056133,0.00020301342,0.99267578,8.6724758e-05,0.00057506561,0.0052261353
20170906-113951-1.jpg,3,3,0.00080347061,0.00068855286,0.00061368942,0.98730469,0.0010461807,0.000831604,0.00038456917,0.00074768066,0.0073509216
20170707-115123-0.jpg,0,0,0.98339844,0.0012025833,0.00021934509,0.00047159195,0.00027680397,0.0002219677,0.00010120869,0.0030136108,0.010978699
20170714-141314-3.jpg,1,1,0.00065040588,0.99023438,0.00023949146,0.00057125092,0.00041842461,0.00028300285,0.0009021759,0.0010595322,0.0054893494
20170610-120826-0.jpg,1,8,0.0013656616,0.0066146851,0.00018334389,0.0033912659,0.00011998415,9.8288059e-05,0.00012111664,0.00068044662,0.98730469
20180105-092156-3.jpg,8,8,0.00011080503,0.00012326241,6.7532063e-05,0.00014388561,8.7201595e-05,0.00011444092,0.00059127808,0.00025200844,0.99853516
20180109-090217-1.jpg,8,8,0.00015687943,0.00011759996,6.8306923e-05,0.00025773048,0.00010359287,8.7380409e-05,0.00013232231,0.00037932396,0.99853516
20171025-090551-2.jpg,3,3,0.00066423416,0.00048828125,0.00070619583,0.99072266,0.0011587143,0.00034928322,0.00031328201,0.0005979538,0.0052375793
20170920-112247-2.jpg,2,2,0.00039744377,0.00031852722,0.99316406,0.00035333633,0.0013580322,0.00019335747,0.00026845932,0.00041747093,0.0036239624
20171219-113245-2.jpg,8,8,0.00014424324,0.00046038628,0.00041127205,0.00046992302,0.00015342236,0.00020575523,0.00023043156,0.00020682812,0.99755859
20180112-070555-2.jpg,8,8,0.0001500845,0.00017178059,7.7843666e-05,0.00064897537,0.00010979176,0.00013291836,0.00010126829,0.00022447109,0.99853516
20180109-075616-2.jpg,8,8,0.00020873547,0.00019824505,0.00012493134,0.0012931824,0.00032520294,6.9320202e-05,7.4982643e-05,0.00024437904,0.99755859
20171218-121243-3.jpg,8,8,0.00041890144,0.00060749054,0.00018930435,0.00016546249,0.00017642975,0.011047363,0.0002746582,0.00044584274,0.98681641
20171109-090609-3.jpg,5,5,0.0002989769,0.0004401207,0.00022983551,0.00029444695,0.0002014637,0.99414062,0.00020396709,0.00035643578,0.0040092468
20170715-101619-1.jpg,1,1,0.00031542778,0.99316406,0.00020194054,0.00040841103,0.00020313263,0.00024604797,0.00045847893,0.00048780441,0.0042877197
20171025-092413-1.jpg,3,3,0.00095176697,0.00062799454,0.00053358078,0.98388672,0.0010004044,0.00047135353,0.00039339066,0.00073099136,0.011352539
20180322-114315-2.jpg,8,8,0.00013136864,0.00012588501,6.8545341e-05,0.00012409687,9.4652176e-05,8.648634e-05,8.9228153e-05,0.00019013882,0.99902344
20170315-085729-0.jpg,8,8,0.00034594536,0.00059700012,0.0004234314,0.00099086761,0.00031399727,0.00018167496,0.0001834631,0.00060987473,0.99658203
20180112-081645-2.jpg,8,8,0.00014829636,0.00012397766,7.2836876e-05,0.00084924698,8.6963177e-05,0.00011372566,7.301569e-05,0.00024843216,0.99804688
20180109-104207-2.jpg,8,8,0.0005941391,0.00030136108,0.00029468536,0.00039625168,0.00030350685,0.00016200542,0.0001244545,0.0012159348,0.99658203
20170727-125736-1.jpg,4,4,0.00036096573,0.00018942356,0.00048279762,0.00036978722,0.98828125,0.00023639202,0.00021886826,0.00034022331,0.0096893311
20171121-082317-1.jpg,6,6,7.3134899e-05,9.8109245e-05,0.00011616945,5.5015087e-05,8.0525875e-05,7.0631504e-05,0.99121094,0.00016129017,0.0081634521
20180109-070411-2.jpg,8,8,0.00023388863,0.00019240379,0.00023186207,0.0003054142,0.00031018257,9.8347664e-05,0.00047779083,0.00032091141,0.99804688
20171220-082553-2.jpg,8,8,0.0001335144,0.00011819601,0.00010573864,0.00014150143,8.0764294e-05,0.00017046928,6.7949295e-05,0.00024271011,0.99902344
20171102-122100-1.jpg,2,2,0.00020980835,0.00014936924,0.96972656,0.00027894974,0.00087833405,0.00015366077,0.00010979176,0.00034618378,0.028320312
20171218-121357-3.jpg,8,8,0.00063991547,0.0028705597,0.00032520294,0.00027656555,0.0003054142,0.036346436,0.00052928925,0.00067043304,0.95800781
20180125-100709-2.jpg,8,8,0.00012767315,7.3134899e-05,4.7028065e-05,0.00080490112,5.0485134e-05,0.0001475811,0.00022566319,8.815527e-05,0.99853516
20171220-092316-2.jpg,8,8,0.001906395,0.0083770752,0.0002297163,0.00023281574,0.00010889769,0.0012321472,0.00043463707,0.00094985962,0.98632812
20180112-100547-2.jpg,8,8,0.0002746582,0.00015318394,0.00023293495,0.00039863586,0.0002270937,0.00016880035,0.00015115738,0.00078248978,0.99755859
20171113-132641-3.jpg,6,6,0.00017023087,0.00030684471,0.00016868114,8.4042549e-05,0.00020945072,8.7678432e-05,0.99658203,0.00025725365,0.0019130707
20171212-094641-1.jpg,8,8,0.00084877014,0.0015592575,0.0004067421,0.0027275085,0.00018930435,0.00033378601,0.00013828278,0.0014419556,0.9921875
20180112-070140-2.jpg,8,8,0.00021576881,0.00010740757,8.2373619e-05,0.00020170212,9.560585e-05,7.6413155e-05,9.1671944e-05,0.00028610229,0.99902344
20180109-075558-2.jpg,8,8,0.00010114908,7.4863434e-05,0.00015437603,0.00015211105,0.00012648106,7.3552132e-05,0.00053453445,0.00044369698,0.99853516
20180322-104043-1.jpg,8,8,9.5903873e-05,9.4056129e-05,8.6665154e-05,0.0002040863,0.00010859966,0.0001065135,6.4313412e-05,0.00013995171,0.99902344
20171113-120204-2.jpg,6,6,0.0001783371,0.00034594536,0.00029635429,0.00010597706,0.00026416779,0.00015985966,0.99462891,0.00039625168,0.0038471222
20170913-103852-2.jpg,3,3,0.00047779083,0.00048494339,0.00046420097,0.99169922,0.0006313324,0.00098419189,0.00028038025,0.0005865097,0.0045127869
20171219-112643-2.jpg,8,8,0.00016248226,0.00018942356,0.00016927719,0.00035715103,9.6142292e-05,0.00015497208,0.00017440319,0.00019788742,0.99853516
20170920-163000-3.jpg,2,2,0.00022351742,0.00023448467,0.99511719,0.00028419495,0.00055742264,0.00022006035,0.0002784729,0.00028133392,0.0027618408
20180119-110357-1.jpg,8,8,0.00029540062,0.0053062439,0.00013017654,0.0001885891,0.00011444092,0.00023472309,0.0005197525,0.00048756599,0.99267578
20170714-120717-2.jpg,1,1,0.00028944016,0.99365234,0.00016450882,0.00041508675,0.00016510487,0.00024795532,0.0001783371,0.00041103363,0.0046806335
20170711-114210-0.jpg,0,0,0.9296875,0.0010681152,0.00053358078,0.00069856644,0.0012989044,0.00046277046,0.00032806396,0.01461792,0.051330566
20170727-164330-1.jpg,4,4,0.00075149536,0.00021076202,0.00037169456,0.00062894821,0.98291016,0.00020110607,0.00019955635,0.00040841103,0.014381409
20170727-135629-1.jpg,4,4,0.00034809113,0.00016736984,0.00031638145,0.00029468536,0.99316406,0.00016367435,0.00012767315,0.00023078918,0.0050582886
20180105-092433-3.jpg,8,8,8.2969666e-05,4.9233437e-05,8.5234642e-05,8.0108643e-05,7.6591969e-05,6.4313412e-05,0.00012022257,0.00013244152,0.99951172
20171113-150751-3.jpg,6,6,0.00010508299,0.00021362305,0.00013029575,9.1254711e-05,0.00018382072,0.00012600422,0.99511719,0.00016725063,0.0037212372
20171219-102519-2.jpg,8,8,0.00025391579,0.00021314621,0.00013995171,0.00021028519,0.0001052022,0.0001013875,6.5207481e-05,0.00034666061,0.99853516
20180322-104109-2.jpg,8,8,0.00012034178,0.0001026392,6.3121319e-05,0.00013649464,0.00010609627,7.1167946e-05,8.3327293e-05,0.00019085407,0.99902344
20170704-150722-0.jpg,7,8,0.098510742,0.0068893433,0.0008263588,0.0014095306,0.0024261475,0.00071620941,0.000436306,0.057312012,0.83154297
20170714-175853-1.jpg,1,1,0.00047230721,0.99414062,0.00019109249,0.00056266785,0.00016784668,0.0002746582,0.00026607513,0.00072622299,0.0032176971
20180109-072729-2.jpg,8,8,0.0001038909,0.00015795231,0.00024867058,0.00016236305,0.0001591444,4.8935413e-05,0.00033164024,0.00021255016,0.99853516
20180112-103024-1.jpg,8,8,0.00023555756,0.00014281273,0.0002425909,0.00031113625,0.00019681454,0.00018274784,0.00026488304,0.00024437904,0.99804688
20171121-081945-2.jpg,6,6,0.00021803379,0.00045609474,0.00019001961,0.00010073185,0.00017797947,0.00011879206,0.99511719,0.00021386147,0.0035610199
20171113-131947-2.jpg,6,6,8.0287457e-05,0.00012719631,4.4882298e-05,4.5895576e-05,8.7141991e-05,4.7206879e-05,0.98046875,0.00012648106,0.01914978
20171219-114106-2.jpg,8,8,0.00012791157,9.4234943e-05,0.00011664629,8.5771084e-05,8.2790852e-05,7.0869923e-05,9.906292e-05,0.00020837784,0.99902344
20171212-102805-3.jpg,8,8,0.00045418739,0.00070524216,6.0260296e-05,0.00017952919,4.6014786e-05,8.2850456e-05,7.7962875e-05,0.00046014786,0.99804688
20180109-070109-2.jpg,8,8,9.9122524e-05,9.1612339e-05,0.00017547607,0.00017988682,0.00018298626,0.00010865927,0.00023055077,0.00026655197,0.99853516
20171109-092448-1.jpg,5,5,0.00031781197,0.00040173531,0.00023388863,0.00023531914,0.0002155304,0.99316406,0.00022912025,0.00038146973,0.0050048828
20180109-071431-1.jpg,8,8,0.00013971329,9.1254711e-05,8.7738037e-05,0.00016009808,0.00011748075,0.00010591745,0.00027441978,0.00026059151,0.99853516
20170128-102458-0.jpg,8,8,0.00021708012,0.00023293495,9.1135502e-05,0.00018978119,0.0001078248,0.00014960766,9.5486641e-05,0.00035643578,0.99853516
20171220-085302-3.jpg,8,8,0.00071525574,0.0082397461,0.0002104044,0.00016117096,0.00014793873,0.00035309792,0.00019943714,0.00033259392,0.98974609
20171109-091717-3.jpg,5,5,0.0002644062,0.00032019615,0.00024008751,0.00026130676,0.00018465519,0.99560547,0.0002143383,0.00036478043,0.0024852753
20180125-134059-2.jpg,8,8,0.00010621548,7.8618526e-05,7.2419643e-05,0.00013184547,8.6843967e-05,0.00012362003,6.0677528e-05,0.00015807152,0.99902344
20171219-112008-3.jpg,8,8,0.000172019,4.3869019e-05,0.00013029575,0.00025463104,0.021347046,7.4744225e-05,0.00017249584,0.00010967255,0.97753906
20180119-105930-1.jpg,8,8,0.00027561188,0.0092468262,9.906292e-05,0.0001322031,0.00022304058,0.00017619133,0.00049304962,0.00025987625,0.98925781
20180125-091650-2.jpg,8,8,5.9127808e-05,7.5757504e-05,6.3955784e-05,9.5129013e-05,8.1837177e-05,4.6372414e-05,8.1837177e-05,0.00011205673,0.99951172
20170610-123642-0.jpg,1,1,0.001449585,0.95166016,0.00022113323,0.00052213669,0.00015735626,0.00024867058,0.00022542477,0.00039792061,0.045288086
20171113-061016-1.jpg,6,6,0.00020611286,0.0002810955,0.00021898746,0.00011813641,0.00024437904,0.0001437664,0.99560547,0.00024437904,0.003118515
20171220-090310-2.jpg,8,8,0.00033116341,0.00037240982,0.00014686584,0.00018358231,0.00013756752,0.00030446053,0.00017046928,0.00050163269,0.99804688
20180125-134407-2.jpg,8,8,0.00098800659,0.0011558533,0.00016200542,0.0003349781,0.00017440319,0.000177145,0.0001693964,0.0022830963,0.99462891
20180109-095028-2.jpg,8,8,0.00012338161,0.00010383129,7.7664852e-05,0.00013422966,0.00011640787,7.6413155e-05,4.8279762e-05,0.00018417835,0.99902344
20171109-070827-1.jpg,5,5,0.00047469139,0.00067663193,0.00026535988,0.00029921532,0.00022673607,0.98632812,0.00013661385,0.00054121017,0.01083374
20180112-071116-2.jpg,8,8,9.2864037e-05,0.00010555983,9.8586082e-05,0.00021994114,0.00016355515,7.891655e-05,7.0571899e-05,0.00010979176,0.99902344
20170811-130413-2.jpg,0,0,0.99414062,0.00021255016,0.00019037724,0.00034880638,0.00039052963,0.00027489662,0.00024986267,0.00078725815,0.0035400391
20170711-114320-0.jpg,0,8,0.453125,0.0022277832,0.00094747543,0.0010204315,0.0017614365,0.0004196167,0.00048971176,0.0082855225,0.53173828
20171218-103746-2.jpg,8,8,0.00032806396,0.00050735474,0.00010758638,0.00015592575,6.4492226e-05,0.00043511391,0.00046515465,0.0024814606,0.99560547
20170315-085646-0.jpg,8,8,0.00072479248,0.00030732155,0.00010800362,0.00039458275,0.0001360178,0.00014030933,7.557869e-05,0.00038981438,0.99755859
20170906-110255-1.jpg,3,3,0.00080776215,0.00076341629,0.00051116943,0.99023438,0.00064468384,0.00056219101,0.0001989603,0.00037932396,0.0057792664
20170127-103224-0.jpg,1,1,0.00057411194,0.99414062,0.00019514561,0.00079202652,0.00019931793,0.00033545494,0.00019645691,0.00064754486,0.0028381348
20180105-101003-3.jpg,8,8,8.2075596e-05,6.1631203e-05,8.9406967e-05,6.4074993e-05,7.545948e-05,6.7353249e-05,0.00026726723,0.00014412403,0.99902344
20171113-123718-3.jpg,6,6,0.00012004375,0.0002245903,0.00015234947,8.2194805e-05,0.00021994114,0.0001335144,0.99365234,0.00015842915,0.0050735474
20170210-133518-0.jpg,0,0,0.99072266,0.00022101402,0.00038123131,0.0010204315,0.00055408478,0.00069713593,0.00021088123,0.00055360794,0.0053977966
20180112-093449-1.jpg,8,8,0.0002553463,0.00016069412,9.9003315e-05,0.00018048286,0.00012612343,0.00010693073,0.00013411045,0.00051450729,0.99853516
20170920-180729-1.jpg,2,2,0.00046777725,0.0004503727,0.98291016,0.00043177605,0.0089645386,0.00068426132,0.00022399426,0.00041651726,0.0053291321
20170906-115342-1.jpg,3,3,0.0037574768,0.0005865097,0.00047945976,0.98144531,0.00063800812,0.00019550323,8.4400177e-05,0.0064048767,0.0063400269
20180105-104452-1.jpg,8,8,0.00017023087,0.00012290478,0.00016891956,0.00014472008,0.00013494492,7.7784061e-05,0.0011634827,0.00023901463,0.99755859
20180109-072650-2.jpg,8,8,0.00013875961,0.00026631355,0.00015699863,0.0001064539,0.00043916702,5.0544739e-05,0.00019669533,0.00022113323,0.99853516
20171102-121407-1.jpg,2,2,0.00026321411,0.00028467178,0.9921875,0.00028800964,0.00092315674,0.00023567677,0.00027942657,0.00038552284,0.0053901672
20180109-071922-1.jpg,8,8,0.00020384789,8.6128712e-05,7.6472759e-05,7.3254108e-05,0.00013959408,8.4102154e-05,9.5367432e-05,0.00022554398,0.99902344
20170315-085332-0.jpg,8,8,0.00063562393,0.0010261536,9.1075897e-05,0.00099849701,0.00010734797,5.4419041e-05,8.5413456e-05,0.0038013458,0.99316406
20171113-091651-1.jpg,5,5,0.0021533966,0.00053071976,0.0010566711,0.0011444092,0.0012254715,0.98388672,0.00025558472,0.0038719177,0.0058860779
20171203-164511-3.jpg,8,8,0.00014078617,0.00028681755,0.0001001358,0.0001333952,9.4115734e-05,0.00013911724,0.00012409687,0.00024306774,0.99853516
20170718-095237-2.jpg,0,0,0.92626953,0.0010519028,0.00070095062,0.00066375732,0.0042762756,0.00057601929,0.00032258034,0.0011672974,0.064941406
20170217-120132-0.jpg,0,0,0.99365234,0.00024223328,0.00020515919,0.00021207333,0.00019311905,0.00060939789,0.00016999245,0.00073766708,0.0038299561
20180109-074514-2.jpg,8,8,0.00019776821,0.00010168552,0.00016891956,0.00015258789,0.00014746189,0.00020825863,0.00020205975,0.00016665459,0.99853516
20180105-093421-3.jpg,8,8,0.00039982796,0.00048875809,0.00034856796,0.00024652481,0.00042462349,0.00019443035,0.0015687943,0.00069570541,0.99560547
20180322-103056-1.jpg,8,8,9.1731548e-05,7.1883202e-05,0.00013589859,0.00021958351,0.00024676323,5.1915646e-05,8.7320805e-05,0.00011903048,0.99902344
20171203-172950-3.jpg,8,8,0.00015735626,0.00019204617,0.00016129017,0.00016391277,0.00011634827,0.00017702579,0.00010216236,0.00015294552,0.99853516
20171109-085643-2.jpg,5,5,0.00019800663,0.00022530556,0.00015938282,0.00016403198,0.00012850761,0.98486328,0.00013542175,0.00025057793,0.014015198
20180109-073104-2.jpg,8,8,0.00025844574,0.00022256374,0.00010806322,0.00012910366,0.00010371208,0.00010031462,0.00071668625,0.00043702126,0.99804688
20180119-104527-2.jpg,8,8,0.00022494793,0.0010519028,0.00016009808,0.00016522408,9.3877316e-05,0.00011223555,0.00011497736,0.00030970573,0.99755859
20171218-105943-3.jpg,8,8,0.00022530556,0.00042891502,0.00011521578,0.00015580654,9.149313e-05,0.00015699863,0.00087451935,0.00048518181,0.99755859
20171218-104434-3.jpg,8,8,0.00019443035,0.00026321411,9.1671944e-05,0.00011920929,7.134676e-05,0.00035190582,9.4294548e-05,0.00023114681,0.99853516
20180109-080120-1.jpg,8,8,8.6188316e-05,7.4326992e-05,8.6903572e-05,8.2194805e-05,7.0333481e-05,7.2360039e-05,0.00017035007,0.00014817715,0.99902344
20180125-093647-2.jpg,8,8,7.4803829e-05,8.8989735e-05,5.0842762e-05,7.2956085e-05,5.453825e-05,5.286932e-05,6.2286854e-05,0.00012338161,0.99951172
20170727-135756-1.jpg,4,4,0.00048065186,0.0002515316,0.00035262108,0.00033855438,0.99169922,0.00020754337,0.00016033649,0.00026154518,0.0064315796
20180105-100450-2.jpg,8,8,0.00034046173,0.00020468235,0.0001885891,0.00013720989,0.00050020218,0.0001847744,0.0016565323,0.00036859512,0.99658203
20171113-142841-2.jpg,6,6,0.00070953369,0.0018062592,0.00064849854,0.00054502487,0.0012426376,0.00025725365,0.984375,0.0020542145,0.0083389282
20180105-101110-3.jpg,8,8,0.00015902519,0.00014722347,0.00031542778,9.4234943e-05,0.00022959709,9.3877316e-05,0.0008263588,0.00020587444,0.99804688
20171212-094357-1.jpg,8,8,0.00016784668,0.00017356873,0.00021278858,0.00049972534,0.00015151501,0.00024330616,0.00011450052,0.0003516674,0.99804688
20170718-132324-2.jpg,7,7,0.00066614151,0.00085687637,0.00022447109,0.00097084045,0.00024187565,0.000187397,0.00014698505,0.98730469,0.0094528198
20180109-070708-1.jpg,8,8,8.7618828e-05,7.7545643e-05,7.301569e-05,8.2612038e-05,6.80089e-05,9.2625618e-05,0.00017368793,0.00013446808,0.99902344
20171212-095218-3.jpg,8,8,0.00019049644,0.00028324127,0.00011068583,0.00017476082,0.00011014938,0.0001616478,0.00015461445,0.00030183792,0.99853516
20171219-102923-3.jpg,8,8,0.00023639202,9.3996525e-05,0.00010895729,0.00075769424,6.2942505e-05,9.1314316e-05,4.7206879e-05,0.00026607513,0.99853516
20170728-120233-2.jpg,4,4,0.00055027008,0.00024330616,0.00088787079,0.00049114227,0.9921875,0.0002655983,0.00022280216,0.0003888607,0.0047149658
20170913-101306-2.jpg,3,3,0.001241684,0.00057125092,0.00053215027,0.98876953,0.0008597374,0.0015439987,0.00024843216,0.00079011917,0.0054588318
20180109-102657-1.jpg,8,8,0.00015985966,0.00010454655,7.4565411e-05,0.00015187263,0.00012397766,6.5207481e-05,8.3088875e-05,0.00034284592,0.99902344
20170920-163212-3.jpg,2,2,0.00031447411,0.00034809113,0.9921875,0.00040888786,0.00095558167,0.00025177002,0.00034618378,0.00043535233,0.0046005249
20170129-103949-0.jpg,8,8,0.0088119507,0.0032291412,0.00015521049,0.00012791157,7.7426434e-05,8.72612e-05,5.8352947e-05,0.00028944016,0.98730469
20171121-082411-2.jpg,6,6,0.00029873848,0.00049734116,0.00022172928,0.00013947487,0.00029778481,0.00020325184,0.99511719,0.00031018257,0.002954483
20180125-135545-3.jpg,8,8,0.00020587444,0.00016903877,0.00012302399,0.00015509129,8.4459782e-05,0.00010120869,0.00012266636,0.00098609924,0.99804688
20180322-112439-2.jpg,8,8,0.00049829483,0.0003054142,0.00017249584,0.00032353401,0.00017547607,0.00027322769,0.00071048737,0.00086736679,0.99658203
20170920-101316-2.jpg,2,2,0.00020396709,0.00031018257,0.99365234,0.0002477169,0.00064134598,0.0001758337,0.00022268295,0.00027108192,0.0042152405
20171113-135243-1.jpg,6,6,0.00034189224,0.0005440712,0.00022482872,9.7155571e-05,0.00025987625,0.00017118454,0.99511719,0.00034046173,0.0027923584
20171113-142940-3.jpg,6,6,0.0001578331,0.00031018257,0.00020539761,0.00011956692,0.00030207634,0.00012743473,0.99609375,0.00019812584,0.0026779175
20170714-140404-1.jpg,1,1,0.00046110153,0.99511719,0.00016200542,0.0003247261,0.00013375282,0.00016474724,0.00019836426,0.00054502487,0.0029067993
20170714-135825-2.jpg,1,1,0.00050354004,0.99365234,0.00025224686,0.00046467781,0.00019788742,0.00021910667,0.00023114681,0.00063705444,0.0036869049
20170705-161208-0.jpg,7,7,0.0023708344,0.00045919418,0.00020515919,0.19238281,0.00053882599,0.00031471252,0.0001707077,0.74658203,0.057098389
20180322-112015-1.jpg,8,8,0.00066375732,0.00010693073,0.00011390448,0.00027060509,9.7751617e-05,9.316206e-05,5.9902668e-05,0.00043535233,0.99804688
20171219-113951-3.jpg,8,8,0.00014674664,8.1002712e-05,0.00037717819,0.00013279915,0.0003054142,6.1392784e-05,0.0015535355,0.000207901,0.99707031
20170804-132603-1.jpg,1,1,0.0013618469,0.9921875,0.00012105703,0.00050973892,0.00017917156,0.00040817261,0.00095176697,0.00051116943,0.0036315918
20171219-095342-2.jpg,8,8,0.00027108192,0.0018033981,0.00012111664,0.00016129017,9.1433525e-05,0.00017428398,0.00018358231,0.00034213066,0.99707031
20170920-101904-2.jpg,2,2,0.00026226044,0.00028729439,0.99414062,0.00023281574,0.00082683563,0.00022244453,0.00023603439,0.0002989769,0.0032615662
20170128-103940-0.jpg,8,8,0.00017809868,0.00030064583,0.00010770559,0.00029611588,0.00010377169,0.00012493134,0.00011026859,0.00030612946,0.99853516
20171121-091316-1.jpg,6,6,0.00020802021,0.00030207634,0.00022315979,0.0001064539,0.00027799606,0.00018310547,0.99609375,0.0002617836,0.0025367737
20171212-094139-3.jpg,8,8,0.00012660027,0.00019776821,9.6082687e-05,0.00015032291,8.058548e-05,0.00010341406,0.0001026988,0.00018441677,0.99902344
20170630-155353-0.jpg,7,7,0.00093603134,0.00085258484,0.0001809597,0.00049114227,0.00011456013,0.00050926208,0.00021421909,0.99023438,0.0065307617
20180109-091508-2.jpg,8,8,0.00020265579,9.137392e-05,0.00011217594,0.00023400784,0.00014936924,0.00023794174,0.00019729137,0.00054502487,0.99804688
20171102-103736-2.jpg,2,2,0.00046753883,0.0002450943,0.9921875,0.00022518635,0.00078630447,0.00017976761,0.00016617775,0.00035524368,0.0054283142
20171113-144155-2.jpg,6,6,0.00019097328,0.00028634071,0.00014674664,0.00011456013,0.00021028519,0.00011730194,0.99609375,0.00024151802,0.0025959015
20171109-085101-2.jpg,5,5,0.00061035156,0.0011749268,0.0005440712,0.0013551712,0.00059747696,0.97753906,0.0028762817,0.0010900497,0.014030457
20170920-160318-3.jpg,2,2,0.00026011467,0.00023651123,0.99462891,0.0002156496,0.00059604645,0.00029206276,0.00024604797,0.00028371811,0.0034389496
20170920-183454-1.jpg,2,2,0.00034308434,0.00031137466,0.99169922,0.00035524368,0.00099563599,0.00023949146,0.00027775764,0.00037741661,0.0051689148
20180125-130437-3.jpg,8,8,5.7458878e-05,4.8041344e-05,4.9650669e-05,6.7353249e-05,4.8875809e-05,4.4226646e-05,5.9008598e-05,9.2744827e-05,0.99951172
20170729-092837-2.jpg,4,4,0.0007147789,0.0002784729,0.0020484924,0.00056171417,0.91748047,0.00017499924,0.00022518635,0.00051021576,0.078125
20180119-110148-2.jpg,8,8,0.00022423267,0.0016584396,7.2777271e-05,8.8810921e-05,5.8472157e-05,0.0001052618,0.00013244152,0.0003259182,0.99755859
20170727-114216-3.jpg,4,4,0.00070476532,0.00026082993,0.00042533875,0.00030755997,0.92675781,0.00022530556,0.0001398325,0.00054979324,0.070495605
20180112-071430-2.jpg,8,8,0.00014078617,0.00019562244,0.00010585785,0.00082540512,0.0001885891,0.0001809597,0.00015211105,0.00019609928,0.99804688
20171121-074902-1.jpg,6,6,0.00016152859,0.00031208992,0.0001950264,8.225441e-05,0.00023782253,0.00012874603,0.99658203,0.00017619133,0.0022754669
20171102-120012-1.jpg,2,2,0.00025367737,0.0001693964,0.9921875,0.00027775764,0.00088024139,0.00023579597,0.00018167496,0.00032019615,0.0053253174
20170728-152734-2.jpg,4,8,0.0011377335,0.00032949448,0.00044941902,0.00077724457,0.390625,0.00065851212,0.00039124489,0.00072431564,0.60498047
20171121-072105-1.jpg,6,6,0.00026941299,0.00033426285,0.00015938282,0.00012898445,0.00028848648,0.00012779236,0.99511719,0.00030612946,0.0032081604
20171025-075821-1.jpg,3,3,0.00065374374,0.0005865097,0.00044846535,0.98925781,0.00081682205,0.00038456917,0.00040578842,0.00063800812,0.0067100525
20170920-130713-2.jpg,2,2,0.00023198128,0.0002822876,0.99365234,0.00031900406,0.00076818466,0.00015878677,0.00028347969,0.00036478043,0.0041465759
20180105-092927-2.jpg,8,8,0.00014019012,0.00011241436,0.0090942383,9.8526478e-05,0.00026679039,0.00010144711,0.00021290779,0.00027680397,0.98974609
20171205-134734-2.jpg,8,8,0.0039482117,0.00066137314,0.00032567978,0.0035934448,0.0002156496,0.00041890144,0.00045371056,0.15209961,0.83837891
20171102-123122-2.jpg,2,2,0.0003426075,0.00028324127,0.9921875,0.00035500526,0.0011167526,0.0002515316,0.00025963783,0.0003759861,0.0050468445
20170727-171448-1.jpg,4,4,0.0005364418,0.00012767315,0.00037813187,0.00034952164,0.98681641,0.00016319752,0.00016033649,0.00043010712,0.011131287
20180109-070327-2.jpg,8,8,0.0001449585,0.00016951561,0.00014030933,0.00016975403,0.00015246868,0.00012791157,0.0028629303,0.0003695488,0.99609375
20170130-102210-0.jpg,1,1,0.00058174133,0.99169922,0.00030732155,0.0005068779,0.00030684471,0.00044059753,0.00031924248,0.00049066544,0.0054206848
20180112-100645-1.jpg,8,8,0.00013303757,0.00011414289,8.9943409e-05,0.00015330315,9.1016293e-05,0.00010079145,0.0001193881,0.00023162365,0.99902344
20171025-092950-2.jpg,3,3,0.00056266785,0.00039434433,0.0005030632,0.9921875,0.00066757202,0.0002746582,0.00026249886,0.00042939186,0.0048561096
20170128-103856-0.jpg,8,8,0.0020599365,0.0023174286,0.00031137466,0.0093688965,0.00072717667,0.00038003922,0.00028133392,0.0020828247,0.98242188
20180112-092725-2.jpg,8,8,0.00019335747,8.7082386e-05,0.00010740757,0.0001373291,7.0035458e-05,6.2286854e-05,3.6001205e-05,0.00024700165,0.99902344
20180112-073337-2.jpg,8,8,9.2983246e-05,0.0001322031,0.00010365248,0.00091075897,0.00014638901,0.00013720989,0.00011384487,0.00018763542,0.99804688
20170304-131624-0.jpg,7,7,0.00058078766,0.00047683716,0.00013327599,0.00034117699,0.00012755394,0.00030446053,0.00015640259,0.99267578,0.005115509
20171113-092152-1.jpg,5,5,0.00033903122,0.00037264824,0.00029826164,0.00025415421,0.00033998489,0.99121094,0.00016915798,0.00024020672,0.0069656372
20180322-133453-1.jpg,8,8,0.00020432472,0.00021600723,0.00015258789,0.00029277802,0.00023651123,0.00016129017,0.00012910366,0.00028419495,0.99853516
20170920-131716-2.jpg,2,2,0.00022053719,0.00018537045,0.99462891,0.00026941299,0.00058984756,0.00018703938,0.00015342236,0.000259161,0.0034599304
20170913-102316-3.jpg,5,5,0.00052261353,0.00032114983,0.00052404404,0.00056266785,0.00042843819,0.99267578,0.00046443939,0.00045466423,0.0041351318
20170217-101954-0.jpg,0,0,0.99462891,0.00014090538,0.00020909309,0.00017464161,0.00022470951,0.00023877621,0.00021839142,0.00031781197,0.0036506653
20170217-144521-0.jpg,7,7,0.00055265427,0.0003786087,0.00013828278,0.00026202202,0.00010621548,0.0002361536,0.0001758337,0.99462891,0.0036716461
20170127-102251-0.jpg,1,1,0.00062417984,0.91699219,0.00016760826,0.00031495094,0.00013411045,0.00021064281,0.073425293,0.0021915436,0.0057945251
20180112-081230-2.jpg,8,8,0.00037264824,0.00017046928,0.00012046099,0.00052690506,0.00016653538,0.00015091896,7.9989433e-05,0.00029301643,0.99804688
20171219-103033-3.jpg,8,8,0.00016951561,9.0897083e-05,8.9228153e-05,0.00016641617,6.5863132e-05,0.0001642704,6.3359737e-05,0.00021588802,0.99902344
20180109-074817-2.jpg,8,8,0.00020432472,0.00017488003,0.00027441978,0.00019860268,0.00023794174,0.0001142621,0.00037240982,0.00032448769,0.99804688
20171109-091107-1.jpg,5,5,0.00026607513,0.00034236908,0.00023567677,0.00018763542,0.00020778179,0.99365234,0.00016331673,0.00037431717,0.004776001
20170714-142329-2.jpg,1,1,0.00052452087,0.99267578,0.00018215179,0.0004761219,0.00018596649,0.0002784729,0.00038480759,0.0013256073,0.0037975311
20171113-143805-2.jpg,6,6,0.00019299984,0.00015759468,0.00011897087,8.5771084e-05,0.0001732111,0.00013911724,0.99658203,0.00022804737,0.0023841858
20170920-100839-3.jpg,4,8,0.0012264252,0.00030231476,0.00037765503,0.018264771,0.049163818,0.00020575523,0.00012719631,0.00081253052,0.9296875
20171102-121531-2.jpg,2,2,0.00029993057,0.00027251244,0.98632812,0.00080633163,0.0021839142,0.00016033649,0.00016415119,0.00081396103,0.0087966919
20170728-115920-2.jpg,4,4,0.00046944618,0.00022995472,0.00087308884,0.00048160553,0.99169922,0.00030612946,0.00027513504,0.000477314,0.0052909851
20171025-091407-2.jpg,3,3,0.0026741028,0.00038743019,0.00044250488,0.97705078,0.00052022934,0.00027322769,0.00022935867,0.00071525574,0.01751709
20170711-115315-0.jpg,0,8,0.17407227,0.0011558533,0.00030183792,0.0007390976,0.00042414665,0.00027179718,0.00030899048,0.014335632,0.80810547
20171220-084455-2.jpg,8,8,0.00037121773,0.00035738945,0.00023543835,0.00072240829,0.00016260147,0.00017023087,0.00014293194,0.0011043549,0.99658203
20180109-090115-2.jpg,8,8,0.00060081482,0.00032424927,0.0002758503,0.0058479309,0.00040745735,0.00031518936,0.00025773048,0.0016670227,0.99023438
20170906-113518-1.jpg,3,3,0.00077962875,0.00031805038,0.00069046021,0.98925781,0.00054836273,0.00040245056,0.00027680397,0.0011835098,0.0063171387
20180112-104311-2.jpg,8,8,0.013191223,0.00021457672,0.0008482933,0.00040388107,0.00045371056,0.00017786026,0.00011259317,0.0018186569,0.98291016
20171220-082111-2.jpg,8,8,0.029525757,0.00047039986,0.0010356903,0.0043754578,0.0015258789,0.00032711029,7.7843666e-05,0.0045890808,0.95800781
20180322-133418-1.jpg,8,8,7.545948e-05,5.531311e-05,7.2538853e-05,0.0001540184,0.00010281801,9.7453594e-05,6.7591667e-05,0.00011974573,0.99902344
20171102-123304-1.jpg,2,2,0.00022137165,0.00018131733,0.99414062,0.00043964386,0.0010690689,0.000207901,0.00018167496,0.00034117699,0.0030975342
20170210-131355-0.jpg,7,7,0.00076293945,0.00036716461,0.00021600723,0.00040817261,0.00019311905,0.00042891502,0.00026106834,0.99365234,0.0036945343
20171113-134639-1.jpg,6,6,0.00018727779,0.00031638145,0.0001553297,7.6413155e-05,0.0001834631,8.2671642e-05,0.99511719,0.00015676022,0.0038566589
20171220-083357-3.jpg,8,8,0.00019311905,0.00011533499,0.00011259317,0.00019562244,0.00010997057,0.00011026859,7.7903271e-05,0.00025081635,0.99902344
20180119-113341-2.jpg,8,8,0.00014078617,0.00082159042,5.6445599e-05,6.121397e-05,6.0200691e-05,7.4148178e-05,0.00015294552,0.00013446808,0.99853516
20170706-112512-0.jpg,7,7,0.00052165985,0.00046348572,0.00019943714,0.00061607361,0.00015890598,0.00022387505,8.9764595e-05,0.99414062,0.0037784576
20171218-122133-3.jpg,8,8,0.00012910366,0.0001001358,5.7995319e-05,0.00010430813,5.5134296e-05,0.00030350685,0.00015616417,0.00016689301,0.99902344
20170727-171518-1.jpg,4,4,0.00028443336,0.00010401011,0.00034165382,0.00033211708,0.99267578,0.00015223026,0.00014162064,0.00023031235,0.005569458
20171219-123641-2.jpg,8,8,0.0010442734,0.00061511993,6.6101551e-05,0.0013599396,0.00021612644,0.00016486645,0.0012569427,0.00031733513,0.99511719
20170217-101133-0.jpg,0,0,0.99414062,0.00036263466,0.00018239021,0.00021409988,0.00017488003,0.00010937452,0.00016379356,0.00037193298,0.004119873
20180109-103735-2.jpg,8,8,0.000187397,0.00012934208,0.00010406971,0.00028252602,0.00013232231,8.3386898e-05,0.00010675192,0.00050878525,0.99853516
20171025-094328-3.jpg,3,3,0.0016222,0.00098896027,0.0010242462,0.97509766,0.0016088486,0.0003619194,0.00032711029,0.0033550262,0.015808105
20171219-095602-3.jpg,8,8,0.00019907951,0.00013792515,7.0214272e-05,0.00016129017,0.00010168552,0.00010627508,8.0823898e-05,0.00026082993,0.99902344
20171113-113911-0.jpg,6,6,0.00019156933,0.00028824806,0.00016963482,9.3460083e-05,0.00023210049,0.00012814999,0.99658203,0.0002374649,0.0021152496
20171121-075510-1.jpg,6,8,0.00025701523,0.00033354759,0.00025391579,0.00026512146,0.00025391579,0.00011467934,0.28955078,0.00060224533,0.70849609
20170207-153521-0.jpg,0,0,0.9921875,0.00024414062,0.00014829636,0.00025892258,0.00024962425,0.00018966198,0.00021100044,0.0020980835,0.0043754578
20180322-113816-2.jpg,8,8,0.0001180768,6.9200993e-05,4.3511391e-05,8.3804131e-05,5.3346157e-05,0.00038814545,9.9539757e-05,0.00013661385,0.99902344
20171113-131606-2.jpg,6,6,0.00016486645,0.00038504601,0.00025033951,0.00013709068,0.00029349327,0.00012290478,0.99462891,0.00024867058,0.0038928986
20180109-092228-1.jpg,8,8,0.00013375282,0.0001026988,5.8948994e-05,9.1910362e-05,7.5280666e-05,6.788969e-05,0.00010061264,0.00026297569,0.99902344
20180125-100150-2.jpg,8,8,6.967783e-05,6.4909458e-05,6.3955784e-05,0.00011515617,3.9756298e-05,6.622076e-05,7.9095364e-05,0.00012302399,0.99951172
20171113-144021-3.jpg,6,6,8.5771084e-05,0.00015318394,0.00012421608,9.1016293e-05,0.00020301342,9.6976757e-05,0.9921875,0.00014770031,0.006778717
20170728-124656-2.jpg,4,4,0.00038766861,0.00017726421,0.00044441223,0.00031590462,0.9921875,0.00021100044,0.00021457672,0.00038099289,0.0055007935
20170210-150041-0.jpg,7,8,0.00080728531,8.8870525e-05,9.9301338e-05,0.00017476082,9.2208385e-05,0.00043869019,7.1644783e-05,0.00070953369,0.99755859
20171109-090929-2.jpg,5,5,0.00029277802,0.00071525574,0.00040006638,0.00028729439,0.00034022331,0.99267578,0.00024271011,0.00052022934,0.004360199
20170920-113857-2.jpg,2,2,0.00045609474,0.00051403046,0.98876953,0.00062179565,0.0016336441,0.00023269653,0.00044941902,0.00059938431,0.0065841675
20180125-130326-3.jpg,8,8,7.0154667e-05,0.00010114908,5.5789948e-05,0.00010436773,7.6472759e-05,5.9723854e-05,8.9526176e-05,0.00011473894,0.99951172
20180109-070808-2.jpg,8,8,0.00018775463,0.00013697147,0.00015187263,0.00017905235,0.00012493134,9.0122223e-05,0.00044846535,0.00025033951,0.99853516
20170729-154322-3.jpg,4,4,0.00044369698,0.00021409988,0.00067710876,0.00059270859,0.99072266,0.00026059151,0.00023365021,0.00036454201,0.0065383911
20171025-090844-2.jpg,3,3,0.00093841553,0.00073623657,0.00069189072,0.98974609,0.0010843277,0.00045967102,0.00039196014,0.0012359619,0.0045318604
20170210-133954-0.jpg,0,0,0.99414062,0.00027084351,0.00023829937,0.000243783,0.00026869774,0.00020933151,0.00024139881,0.00083017349,0.0034790039
20170906-110556-4.jpg,3,3,0.0014486313,0.00037550926,0.00052118301,0.98974609,0.00065898895,0.00026965141,0.00023961067,0.00043773651,0.0062103271
20171121-090718-3.jpg,6,6,0.00024068356,0.0005030632,0.00034093857,0.00011634827,0.00019836426,9.0241432e-05,0.98632812,0.00020647049,0.01210022
20170128-102020-0.jpg,8,8,0.00018465519,0.00021541119,8.9108944e-05,0.00030016899,8.136034e-05,7.301569e-05,6.455183e-05,0.00027513504,0.99853516
20170913-124317-1.jpg,5,5,0.00028347969,0.00022649765,0.00020980835,0.001001358,0.00028610229,0.99365234,0.00028610229,0.00026059151,0.003616333
20171113-123510-3.jpg,6,6,0.0001553297,0.00023555756,0.00017297268,7.2479248e-05,0.00019490719,0.00011557341,0.99658203,0.00022578239,0.0020618439
20171220-084826-3.jpg,8,8,0.00023591518,0.00022482872,0.00013661385,0.00024652481,0.0001142025,0.00015318394,9.5784664e-05,0.00039792061,0.99853516
20170727-170810-3.jpg,4,4,0.0004837513,0.00025367737,0.0013570786,0.00057029724,0.98632812,0.00026774406,0.00028276443,0.00048518181,0.010154724
20170811-111407-2.jpg,0,0,0.81835938,0.00027251244,0.00010317564,0.00012040138,0.00021851063,0.00012350082,9.1612339e-05,0.00080251694,0.17980957
20180109-100212-1.jpg,8,8,0.00017058849,0.00014257431,6.6101551e-05,0.00020885468,8.2135201e-05,8.7738037e-05,9.5546246e-05,0.00040030479,0.99853516
20171219-104448-2.jpg,8,8,0.00032997131,0.00064945221,0.00016272068,0.0001333952,0.00010597706,0.0002579689,0.0001026988,0.00025725365,0.99804688
20180109-110201-2.jpg,8,8,0.0002913475,0.00015103817,0.00013697147,0.0003964901,0.00011456013,0.00015473366,8.6665154e-05,0.0006313324,0.99804688
20171203-165011-3.jpg,8,8,0.0037937164,0.0019683838,0.01701355,0.0022335052,0.0081939697,0.0010271072,0.0039367676,0.0019798279,0.95996094
20170704-155311-0.jpg,7,7,0.0010929108,0.00035190582,0.0001553297,0.00030493736,0.00011646748,0.00025844574,0.00012350082,0.99267578,0.0048751831
20171102-094504-1.jpg,4,4,0.00047445297,0.00026965141,0.00046372414,0.00052309036,0.98242188,0.00032067299,0.00021910667,0.00033593178,0.015060425
20170210-142338-0.jpg,7,7,0.0005402565,0.00055837631,0.00019049644,0.00033116341,0.00012910366,0.0004067421,0.00020432472,0.99365234,0.0039100647
20171113-101332-1.jpg,5,5,0.00042080879,0.00027823448,0.00023043156,0.00034952164,0.0002143383,0.98291016,0.00020372868,0.0005106926,0.015037537
20170728-152324-1.jpg,4,4,0.00080394745,0.00032949448,0.0022163391,0.00089168549,0.98925781,0.00044560432,0.00036883354,0.00076150894,0.0050735474
20180125-131557-2.jpg,8,8,0.00011605024,0.00010508299,7.8558922e-05,0.00014019012,6.1810017e-05,8.2552433e-05,7.1525574e-05,0.00015377998,0.99902344
20171212-095308-1.jpg,8,8,0.00034666061,0.00034117699,0.00024354458,0.0013198853,0.0001500845,0.00028848648,0.00013244152,0.00079298019,0.99658203
20180112-092041-1.jpg,8,8,0.0003054142,0.00035214424,0.00012421608,0.00023078918,0.00015735626,0.00015842915,0.00016570091,0.00056743622,0.99804688
20170315-090619-0.jpg,8,8,0.00028896332,0.000248909,0.000243783,0.00020134449,0.0002682209,0.00016403198,8.9764595e-05,0.00014436245,0.99853516
20170913-122134-2.jpg,5,5,0.00052404404,0.00050973892,0.00070905685,0.0011482239,0.00084209442,0.98730469,0.00057554245,0.00044369698,0.0077095032
20180112-083234-1.jpg,8,8,0.0001616478,0.00016748905,7.712841e-05,0.00026249886,9.6917152e-05,9.6619129e-05,0.00010019541,0.00029850006,0.99853516
20170217-113113-0.jpg,7,7,0.00059890747,0.00029063225,0.00015878677,0.0003259182,0.00014722347,0.00028538704,0.00019097328,0.99511719,0.0030021667
20170811-114233-2.jpg,0,0,0.99414062,0.00037312508,0.00017917156,0.00022339821,0.00030851364,0.00018250942,0.0001745224,0.00053215027,0.0039405823
20170714-115949-1.jpg,1,1,0.00078773499,0.9921875,0.00023305416,0.00047206879,0.00031542778,0.00045847893,0.00026893616,0.00086355209,0.0044670105
20180112-101211-2.jpg,8,8,0.00041890144,0.011138916,0.00019156933,0.00022494793,0.0001244545,0.0002553463,0.00026679039,0.00042963028,0.98681641
20180109-102822-2.jpg,8,8,0.00048875809,0.00039458275,0.00031447411,0.00095462799,0.00033259392,0.00021469593,0.00025105476,0.0010108948,0.99609375
20180125-132513-3.jpg,8,8,0.00026226044,0.00026917458,0.00017607212,0.00025010109,0.00099468231,8.636713e-05,0.00016629696,0.00094795227,0.99707031
20170920-130458-2.jpg,2,2,0.00021958351,0.00023066998,0.99462891,0.00021100044,0.00062131882,0.00016629696,0.00017035007,0.00024211407,0.0037078857
20170920-183850-1.jpg,2,2,0.00026273727,0.00029087067,0.99316406,0.00028610229,0.00074291229,0.00024652481,0.00033187866,0.00037765503,0.0042610168
20170718-095109-2.jpg,0,0,0.91210938,0.0004298687,0.0003182888,0.0028476715,0.00051212311,0.00028800964,0.00035095215,0.005279541,0.077697754
20180112-072522-1.jpg,8,8,0.00050878525,0.00013685226,6.5922737e-05,0.00026059151,0.00026392937,8.8214874e-05,8.3506107e-05,0.00042080879,0.99804688
20180125-131041-2.jpg,8,8,0.00053691864,0.00035095215,0.00016653538,0.0004529953,0.00016021729,0.00017440319,0.00011563301,0.0008764267,0.99707031
20171218-120517-2.jpg,8,8,0.00018978119,9.5844269e-05,8.3804131e-05,0.00022113323,6.7174435e-05,0.00012862682,6.7651272e-05,0.0002477169,0.99902344
20180119-114718-1.jpg,8,8,0.00020837784,0.00030231476,0.00027775764,0.00020205975,0.00019228458,8.9943409e-05,0.00017666817,0.00036787987,0.99804688
20180119-113452-1.jpg,8,8,0.000831604,0.0053329468,0.00027775764,0.00018084049,0.00020456314,0.00024342537,0.00046730042,0.00078821182,0.99169922
20170727-135511-1.jpg,4,4,0.00044584274,0.00025200844,0.00042295456,0.00039887428,0.99121094,0.00020623207,0.00019586086,0.0002682209,0.0065002441
20180109-103003-2.jpg,8,8,0.0019254684,0.00048232079,0.0033016205,0.0011997223,0.0010080338,0.00016093254,0.00020945072,0.0017318726,0.98974609
20170718-133451-2.jpg,0,0,0.96533203,0.00022602081,0.00022912025,0.00056648254,0.00047206879,0.00020980835,0.00022828579,0.0020027161,0.030899048
20180322-113447-2.jpg,8,8,0.00013768673,0.00011390448,8.1777573e-05,0.00015175343,0.00014972687,7.5936317e-05,0.00015854836,0.00030708313,0.99902344
20171122-095537-1.jpg,5,5,0.00019669533,0.00037431717,0.00022888184,0.00016224384,0.0001680851,0.99560547,0.00013232231,0.0002746582,0.0028457642
20180105-092846-2.jpg,8,8,7.379055e-05,8.1181526e-05,0.00012129545,8.3327293e-05,6.1988831e-05,8.1658363e-05,0.00016069412,0.00020170212,0.99902344
20180119-110307-1.jpg,8,8,0.00014042854,0.00064897537,8.6843967e-05,8.3208084e-05,8.0823898e-05,0.00012481213,0.00029802322,0.00019443035,0.99853516
20170711-120306-0.jpg,7,7,0.0011816025,0.0010404587,0.00041103363,0.0011463165,0.00038957596,0.00033116341,0.00050401688,0.98828125,0.0065078735
20180119-110505-1.jpg,8,8,0.00013291836,0.0018634796,7.1763992e-05,9.4354153e-05,6.4849854e-05,0.00018966198,0.000259161,0.0002644062,0.99707031
20170707-112019-0.jpg,0,0,0.97460938,0.00097846985,0.00086307526,0.0009636879,0.00073957443,0.00053119659,0.0002194643,0.0068740845,0.014228821
20171113-133110-1.jpg,6,6,0.00035429001,0.00054454803,0.00021898746,0.00025320053,0.00047135353,0.00023972988,0.98925781,0.00065612793,0.0077705383
20171102-123448-2.jpg,2,2,0.00035357475,0.00020563602,0.9921875,0.00035715103,0.0011739731,0.00024354458,0.00019395351,0.00039553642,0.0048828125
20180322-130558-1.jpg,8,8,6.7591667e-05,7.8678131e-05,5.1736832e-05,8.6605549e-05,5.8889389e-05,7.0869923e-05,5.8233738e-05,0.00010603666,0.99951172
20180322-113157-2.jpg,8,8,9.9956989e-05,8.7618828e-05,6.711483e-05,0.00011813641,9.5665455e-05,7.4267387e-05,7.2896481e-05,0.00014805794,0.99902344
20180119-110957-2.jpg,8,8,0.00027990341,0.0024414062,0.00014567375,0.00017166138,0.00015258789,0.00028347969,0.0004093647,0.00040888786,0.99560547
20170127-101438-0.jpg,1,1,0.00038814545,0.99462891,0.00018143654,0.00043845177,0.00018250942,0.0002361536,0.00026607513,0.0005569458,0.0029850006
20180125-092922-1.jpg,8,8,9.4652176e-05,0.00010383129,6.5267086e-05,9.9360943e-05,7.1763992e-05,8.5651875e-05,8.6963177e-05,0.00014281273,0.99902344
20180109-090504-1.jpg,8,8,0.00016307831,0.00014460087,9.0658665e-05,0.00035047531,0.00013101101,0.00010567904,0.00018656254,0.00057792664,0.99804688
20170714-115933-3.jpg,1,1,0.00042653084,0.99462891,0.000182271,0.00049114227,0.00016665459,0.0003247261,0.00024342537,0.00064373016,0.0029220581
20170126-095350-0.jpg,1,1,0.00029444695,0.99462891,0.00021505356,0.00052833557,0.00016546249,0.00024533272,0.00022244453,0.00063467026,0.0031013489
20171219-101702-2.jpg,8,8,0.00017869473,0.00014424324,0.00011795759,0.00016617775,0.00010728836,0.00012028217,8.8453293e-05,0.00020599365,0.99902344
20170728-153559-1.jpg,4,4,0.00042104721,0.00021994114,0.0005607605,0.00055360794,0.99267578,0.00030112267,0.00023293495,0.00045180321,0.0043830872
20171121-083516-1.jpg,6,6,0.00013804436,0.00017690659,0.00016415119,6.3717365e-05,0.00020492077,0.00010961294,0.99658203,0.00013649464,0.0024433136
20180125-131712-3.jpg,8,8,0.0002553463,0.00013673306,0.00017058849,0.00019645691,0.00012683868,7.6472759e-05,0.00017869473,0.00065565109,0.99804688
20180109-073915-2.jpg,8,8,0.00047683716,0.00019240379,0.00030970573,0.00036716461,0.00035762787,0.00016081333,0.00028753281,0.00034379959,0.99755859
20180322-124839-1.jpg,8,8,0.00010240078,6.788969e-05,0.00016176701,0.00016522408,0.00026011467,7.1406364e-05,8.481741e-05,9.8705292e-05,0.99902344
20170727-115633-3.jpg,4,4,0.00053596497,0.00023400784,0.0010976791,0.00047206879,0.98925781,0.00028967857,0.00035953522,0.00054454803,0.007194519
20170714-114854-3.jpg,1,1,0.00049686432,0.99462891,0.00019049644,0.00036501884,0.00024175644,0.00024938583,0.00022292137,0.00057411194,0.0028915405
20170210-132218-0.jpg,7,7,0.0012245178,0.0014638901,0.00024938583,0.00075340271,0.00017178059,0.00046753883,0.00065469742,0.98925781,0.0057220459
20180119-110535-2.jpg,8,8,0.00010120869,0.00020623207,6.0975552e-05,6.5028667e-05,5.3346157e-05,0.00019156933,0.00010514259,0.00018429756,0.99902344
20170704-153529-0.jpg,8,7,0.0041160583,0.0010623932,0.00014805794,0.0056152344,0.00019800663,0.00018715858,9.7632408e-05,0.97705078,0.011619568
20170729-093222-1.jpg,4,4,0.00040459633,0.00020587444,0.00042772293,0.00038051605,0.99023438,0.00021529198,0.00020587444,0.00039720535,0.0076255798
20180322-104424-1.jpg,8,8,0.00012516975,0.0001052618,7.3552132e-05,0.00015676022,0.00010061264,7.8439713e-05,6.5803528e-05,0.0001796484,0.99902344
20171025-091538-3.jpg,3,3,0.00095844269,0.00048565865,0.00063705444,0.9375,0.0019521713,0.00040006638,0.00054550171,0.00091362,0.056427002
20180322-111917-1.jpg,8,8,0.00012493134,9.316206e-05,0.00010031462,0.00016760826,8.3446503e-05,7.7843666e-05,5.9068203e-05,0.00016653538,0.99902344
20171220-084328-2.jpg,8,8,0.00054836273,0.00045347214,0.00034832954,0.0010280609,0.0001398325,0.00022888184,0.00015187263,0.00069141388,0.99658203
20171218-112121-3.jpg,8,8,0.00011992455,0.00011140108,7.557869e-05,0.00014138222,6.7770481e-05,0.00026202202,8.3684921e-05,0.00021243095,0.99902344
20170920-163223-3.jpg,2,2,0.00025343895,0.00024580956,0.99365234,0.00027394295,0.00074720383,0.00019967556,0.00025844574,0.00032973289,0.0038414001
20170727-171030-3.jpg,4,4,0.00043678284,0.00018930435,0.0015420914,0.00068426132,0.98095703,0.00023281574,0.00025677681,0.00039029121,0.015396118
20170714-170224-1.jpg,1,1,0.00039339066,0.99414062,0.00021338463,0.00042390823,0.0001732111,0.00026249886,0.00025820732,0.00056409836,0.0037059784
20180322-113720-2.jpg,8,8,8.8751316e-05,8.7380409e-05,7.3075294e-05,0.0001308918,8.1717968e-05,6.9797039e-05,7.5817108e-05,0.00013852119,0.99902344
20180109-065935-2.jpg,8,8,0.00054121017,0.001162529,0.0009355545,0.00079250336,0.0005698204,0.00040197372,0.010795593,0.0008020401,0.98388672
20180109-101308-2.jpg,8,8,0.00017762184,0.00013828278,9.7095966e-05,0.00016534328,0.00012493134,0.00010305643,0.00026893616,0.00031042099,0.99853516
20170714-120748-3.jpg,1,1,0.00088262558,0.99169922,0.00023949146,0.00050449371,0.00025629997,0.000248909,0.00049591064,0.0010128021,0.0044441223
20171220-082954-3.jpg,8,8,0.00022280216,0.00018453598,0.00012362003,0.00060653687,0.00015819073,0.00011926889,9.4413757e-05,0.00044465065,0.99804688
20170714-143829-1.jpg,1,1,0.00031805038,0.99511719,0.00014102459,0.00042176247,0.00011974573,0.00019156933,0.0002168417,0.00042533875,0.0028362274
20171217-183807-2.jpg,8,8,0.0010786057,0.0039482117,0.0009598732,0.00059223175,0.0010385513,0.00015521049,0.00016617775,0.0011148453,0.99072266
20180109-075809-2.jpg,8,8,0.00098514557,0.00015687943,0.00050020218,0.00071668625,0.00058603287,0.00014853477,0.00039196014,0.1005249,0.89599609
20170727-164458-1.jpg,4,4,0.00036740303,0.00020170212,0.00065851212,0.0004401207,0.9921875,0.00029206276,0.000259161,0.00040984154,0.0052947998
20170714-132614-1.jpg,1,1,0.00035762787,0.99560547,0.00014543533,0.00030183792,0.00010085106,0.00025224686,0.00011944771,0.00044155121,0.0025863647
20180322-114143-2.jpg,8,8,7.1644783e-05,7.9095364e-05,6.0021877e-05,8.9526176e-05,6.210804e-05,6.300211e-05,8.2731247e-05,0.0001039505,0.99951172
20170727-134755-1.jpg,4,4,0.0016908646,0.00058794022,0.0048179626,0.059143066,0.84228516,0.00045084953,0.00034427643,0.0011911392,0.089294434
20171121-073140-1.jpg,6,6,0.00014197826,0.00028657913,9.0897083e-05,0.00010299683,0.00015735626,8.2850456e-05,0.99658203,0.00017845631,0.0022697449
20180105-100422-2.jpg,8,8,0.00011050701,0.0001013875,0.00012183189,0.00010108948,8.5890293e-05,0.00010544062,0.00025415421,0.00023043156,0.99902344
20171220-101611-2.jpg,8,8,0.00022101402,0.00019824505,0.00013673306,0.00012874603,8.4519386e-05,0.00030970573,7.724762e-05,0.00021862984,0.99853516
20170210-133449-0.jpg,0,0,0.85498047,0.0071372986,0.0013313293,0.00050735474,0.00072669983,0.00092601776,0.0005736351,0.0073013306,0.12634277
20171212-095750-3.jpg,8,8,0.00011730194,0.00023937225,8.7857246e-05,0.00015985966,8.2194805e-05,0.00013720989,0.00015747547,0.00015902519,0.99902344
20171218-105320-3.jpg,8,8,0.00020539761,0.00025987625,9.7990036e-05,9.8645687e-05,6.3955784e-05,0.00038766861,0.0001155138,0.00021862984,0.99853516
20171212-095802-1.jpg,8,8,0.00017797947,0.00024068356,0.00012433529,0.00079774857,0.00010347366,0.00026035309,0.00011509657,0.0003221035,0.99804688
20180125-093201-2.jpg,8,8,7.5519085e-05,6.6041946e-05,4.6789646e-05,7.4863434e-05,5.0127506e-05,5.877018e-05,6.1631203e-05,0.00012046099,0.99951172
20170714-190227-1.jpg,1,1,0.00037336349,0.99072266,0.00019609928,0.00027656555,0.00015318394,0.0002515316,0.00026392937,0.00053691864,0.0072174072
20171219-114259-3.jpg,8,2,0.00078582764,0.00025272369,0.74560547,0.00050020218,0.073974609,0.00024008751,0.00025868416,0.00071620941,0.17749023
20171212-093721-1.jpg,8,8,0.00020241737,0.00016903877,0.00014603138,0.00026655197,0.00013899803,0.00019311905,9.5009804e-05,0.00030755997,0.99853516
20180112-081353-1.jpg,8,8,0.00012695789,0.00014734268,8.6247921e-05,0.00024628639,9.560585e-05,0.00010156631,0.00010049343,0.0002617836,0.99902344
20170727-113140-1.jpg,4,4,0.00043058395,0.00022113323,0.0013809204,0.00034451485,0.98681641,0.00032901764,0.00044536591,0.00032687187,0.009727478
20180119-115352-2.jpg,8,8,0.00032949448,0.00048136711,0.00014102459,0.00010448694,8.2015991e-05,0.00044584274,0.0002477169,0.00030422211,0.99804688
20180125-100017-1.jpg,8,8,0.00010287762,9.1791153e-05,9.6023083e-05,7.8499317e-05,5.5551529e-05,0.00012528896,0.00034165382,0.0001629591,0.99902344
20170130-102142-0.jpg,1,1,0.0018777847,0.99169922,0.00026059151,0.00048136711,0.00020182133,0.00047111511,0.00023782253,0.0016279221,0.0029182434
20180109-074512-1.jpg,8,8,0.00011706352,9.3877316e-05,0.00012922287,0.00011831522,9.2446804e-05,7.2598457e-05,0.00013434887,0.00019264221,0.99902344
20171212-094815-1.jpg,8,8,0.00014841557,0.00019538403,0.00012493134,0.00018811226,9.9897385e-05,0.00015890598,0.00011521578,0.00024139881,0.99853516
20171109-095123-3.jpg,5,5,0.00018787384,0.00021898746,0.00019919872,0.00012755394,0.00016617775,0.99658203,0.00011724234,0.00025320053,0.002122879
20180322-121001-2.jpg,8,8,0.00013232231,0.00013959408,7.6472759e-05,0.00012636185,7.9989433e-05,8.4161758e-05,0.00010871887,0.00022125244,0.99902344
20170128-102526-0.jpg,8,8,0.00016152859,0.0017814636,0.00011759996,0.00034332275,0.0001206398,0.00017821789,0.00043082237,0.00025987625,0.99658203
20170718-132453-2.jpg,7,7,0.00082921982,0.00088739395,0.00032663345,0.00099945068,0.00029349327,0.00039482117,0.0002001524,0.99121094,0.0049324036
20171122-095925-1.jpg,5,5,0.00034332275,0.00029277802,0.00021708012,0.00026965141,0.00020158291,0.99462891,0.00023162365,0.00038957596,0.0033473969
20171025-095149-2.jpg,3,3,0.00069713593,0.0006403923,0.00068712234,0.98974609,0.00091362,0.00047588348,0.00039196014,0.000685215,0.0059776306
20170715-151444-1.jpg,1,1,0.00031208992,0.99511719,0.00016081333,0.00037717819,0.00016140938,0.00021708012,0.00023889542,0.00054597855,0.0026473999
20170811-125323-2.jpg,0,0,0.99462891,0.00011783838,9.7572803e-05,0.00011831522,0.00011241436,0.0002207756,5.0902367e-05,0.00033855438,0.0041046143
20180109-080723-2.jpg,8,8,5.9604645e-05,5.0842762e-05,8.9347363e-05,6.8128109e-05,5.4419041e-05,5.877018e-05,0.00010234118,0.00016760826,0.99951172
20170304-132413-0.jpg,7,7,0.0010194778,0.00076580048,0.00018441677,0.00036168098,0.00012046099,0.0003786087,0.00018680096,0.99169922,0.0055236816
20170920-100739-1.jpg,2,2,0.00034713745,0.00038385391,0.99121094,0.00029850006,0.0014715195,0.00023066998,0.00028991699,0.00038790703,0.0056228638
20180112-092418-2.jpg,8,8,0.00021100044,8.9585781e-05,0.00015318394,0.00013875961,7.5161457e-05,6.0796738e-05,4.8935413e-05,0.0001937151,0.99902344
20171102-102120-1.jpg,2,2,0.00012612343,0.00012254715,0.99365234,0.00028038025,0.00098896027,0.00010287762,0.00015997887,0.00021290779,0.0042648315
20170315-090445-0.jpg,8,8,0.00021588802,0.00027799606,0.00016188622,0.00016736984,9.9897385e-05,5.787611e-05,4.7802925e-05,0.00023055077,0.99853516
20180322-111819-2.jpg,8,8,0.00010567904,9.8705292e-05,7.2181225e-05,0.00016891956,6.633997e-05,8.2552433e-05,7.0571899e-05,0.00018024445,0.99902344
20180322-115701-2.jpg,8,8,0.00025820732,0.00079345703,0.00012302399,0.00038909912,0.00019621849,9.7334385e-05,0.00048279762,0.00050783157,0.99707031
20180112-093206-2.jpg,8,8,9.149313e-05,7.7903271e-05,0.00010436773,0.00011074543,5.8352947e-05,5.7518482e-05,6.5505505e-05,0.00011187792,0.99951172
20170913-103447-3.jpg,5,5,0.0004837513,0.00027823448,0.00028800964,0.0040245056,0.00090408325,0.98632812,0.00043797493,0.0004837513,0.0068778992
20170920-132728-2.jpg,2,2,0.0007610321,0.00051259995,0.98828125,0.00073051453,0.00061130524,0.00029063225,0.0001680851,0.0017518997,0.0067176819
20171102-121207-1.jpg,2,2,0.00034332275,0.00028133392,0.99267578,0.00033831596,0.0010614395,0.00028038025,0.00022506714,0.00037264824,0.0044898987
20170727-115521-3.jpg,4,4,0.00024938583,0.00014746189,0.00079917908,0.00024080276,0.99267578,0.0002014637,0.00024342537,0.00024676323,0.0049667358
20171220-094808-1.jpg,8,8,0.00017356873,0.00018918514,0.00012409687,0.00025677681,9.5903873e-05,0.00013625622,0.00010234118,0.00029301643,0.99853516
20171220-095346-1.jpg,8,8,0.00016713142,0.00013995171,9.4056129e-05,0.0002117157,9.4592571e-05,0.0003464222,8.7976456e-05,0.00028157234,0.99853516
20170210-142133-0.jpg,7,7,0.00046610832,0.0002925396,0.00015544891,0.00029039383,0.00010240078,0.00025177002,0.00014686584,0.99511719,0.0030918121
20171212-100816-1.jpg,8,8,0.00010699034,0.00018143654,6.8724155e-05,8.6963177e-05,7.6174736e-05,0.0002617836,0.00028705597,0.00020051003,0.99853516
20171121-074015-1.jpg,6,6,0.00013375282,0.0002720356,0.00017273426,9.1850758e-05,0.00025558472,0.00014472008,0.99609375,0.00030589104,0.002286911
20171121-090029-1.jpg,6,6,0.00018894672,0.00027775764,0.0001565218,9.1016293e-05,0.00025582314,0.00013959408,0.99658203,0.00024080276,0.0021495819
20170210-133852-0.jpg,0,0,0.7578125,0.021606445,0.0011129379,0.0017204285,0.0028610229,0.00073003769,0.0003991127,0.001912117,0.21166992
20171025-080448-2.jpg,3,3,0.00058317184,0.00037884712,0.00043702126,0.99267578,0.00054264069,0.00035810471,0.00026464462,0.00062990189,0.004032135
20171113-115816-0.jpg,6,6,0.00015389919,0.00022912025,0.00021064281,7.8499317e-05,0.00023579597,0.00012266636,0.99707031,0.00017499924,0.0019569397
20170128-104021-0.jpg,8,8,0.00017654896,0.00028800964,0.00011736155,0.00023758411,0.00010979176,0.00013816357,0.00011199713,0.00024390221,0.99853516
20170715-140313-1.jpg,1,1,0.00032925606,0.99414062,0.00021696091,0.00046777725,0.00017559528,0.00024163723,0.00027012825,0.00051355362,0.0036697388
20180112-094523-2.jpg,8,8,0.00027942657,0.00040912628,0.00024437904,0.00021278858,0.00023555756,0.00010806322,0.00020742416,0.00031757355,0.99804688
20171219-113042-3.jpg,8,8,0.00018978119,0.00012201071,0.00032258034,0.00011396408,0.0001847744,9.3996525e-05,0.0001553297,0.0002515316,0.99853516
20171219-112949-2.jpg,8,8,0.00030064583,0.00028371811,0.00013279915,0.00021362305,0.00019550323,0.00019168854,0.00053739548,0.00024139881,0.99804688
20180105-091619-2.jpg,8,8,6.4134598e-05,5.3465366e-05,0.00014686584,9.8228455e-05,0.00010967255,7.045269e-05,0.00015389919,0.00014150143,0.99902344
20180125-131915-2.jpg,8,8,6.3300133e-05,6.9260597e-05,4.8756599e-05,7.0154667e-05,4.3094158e-05,6.9379807e-05,5.7935715e-05,9.1195107e-05,0.99951172
20180109-100808-2.jpg,8,8,0.0013103485,0.0011100769,0.00020086765,0.00015687943,0.00036978722,0.00019776821,0.00028061867,0.00035357475,0.99609375
20180112-094355-1.jpg,8,8,0.00016534328,0.00017666817,8.4221363e-05,0.00018131733,0.00011795759,9.0003014e-05,0.00015747547,0.00030422211,0.99853516
20170727-162406-1.jpg,4,4,0.00036764145,0.00016152859,0.00045323372,0.0004901886,0.9921875,0.00022780895,0.0002310276,0.00036621094,0.0055618286
20170811-132405-2.jpg,0,0,0.94921875,0.00059986115,0.0022449493,0.00063610077,0.0020809174,0.00052833557,0.00052309036,0.0064659119,0.037506104
20170410-123806-0.jpg,0,0,0.97998047,0.0078811646,0.00024580956,0.00024056435,0.00046515465,0.0013341904,0.00049686432,0.00057029724,0.0085525513
20170728-151920-2.jpg,4,8,0.00066995621,0.00040555,9.1433525e-05,0.00045919418,0.002286911,0.00045728683,7.4803829e-05,0.00020694733,0.99511719
20171025-100924-2.jpg,3,3,0.00090456009,0.00069522858,0.00080013275,0.98779297,0.00090456009,0.00066947937,0.00060892105,0.00059938431,0.0071601868
20171219-101912-3.jpg,8,8,0.00013399124,8.7082386e-05,6.6459179e-05,0.00013506413,6.1571598e-05,0.00010836124,6.5028667e-05,0.00020086765,0.99902344
20170304-130321-0.jpg,0,7,0.016662598,0.0051193237,0.00014793873,0.00027632713,7.9035759e-05,0.0002617836,0.00012528896,0.94628906,0.030899048
20170906-100047-1.jpg,3,3,0.0012331009,0.00094127655,0.00060558319,0.98828125,0.00097370148,0.00054883957,0.00034189224,0.001502037,0.0053825378
20171218-110512-3.jpg,8,8,0.00015151501,0.00020933151,6.1035156e-05,0.00013923645,5.2928925e-05,0.00018501282,0.00010412931,0.00018620491,0.99902344
20170811-162102-1.jpg,0,0,0.9921875,0.00035405159,0.00041103363,0.00057458878,0.00045800209,0.00043034554,0.00033688545,0.00068855286,0.0044784546
20180105-095922-2.jpg,8,8,8.815527e-05,7.1763992e-05,9.7930431e-05,8.1419945e-05,6.1511993e-05,8.0108643e-05,0.00015938282,0.00013768673,0.99902344
20171217-103623-2.jpg,8,8,0.0054130554,0.0013847351,0.00021731853,0.005645752,0.00022649765,0.20471191,0.00045657158,0.0035324097,0.77832031
20170128-101929-0.jpg,8,8,0.00059604645,0.00032114983,0.00020396709,0.0010986328,0.00035905838,0.00010704994,6.8724155e-05,0.00072717667,0.99658203
20170610-122247-0.jpg,1,1,0.0009765625,0.98876953,0.00031924248,0.0011301041,0.00057649612,0.0005812645,0.0004556179,0.0019102097,0.0054664612
20180112-092114-2.jpg,8,8,0.00021481514,0.00013256073,0.00024938583,0.00023984909,0.0001488924,0.00015127659,0.00010114908,0.00027608871,0.99853516
20171219-094700-3.jpg,8,8,0.00015091896,0.00020861626,8.6843967e-05,0.00017082691,8.8334084e-05,0.00010412931,8.7440014e-05,0.00021231174,0.99902344
20171113-130008-2.jpg,6,6,0.00015461445,0.00018835068,0.00022494793,0.00021767616,0.00021767616,0.00012743473,0.79199219,0.0012645721,0.20581055
20180112-093338-1.jpg,8,8,0.00017595291,0.00016236305,8.98242e-05,0.00014936924,8.3327293e-05,7.8082085e-05,8.7320805e-05,0.00027322769,0.99902344
20171220-101758-2.jpg,8,8,0.00022220612,0.0002092123,0.00021004677,0.00018036366,0.00011140108,0.00026321411,0.00012874603,0.00024652481,0.99853516
20170913-101003-1.jpg,3,3,0.00032758713,0.00039196014,0.00031447411,0.99462891,0.00042748451,0.0004825592,0.00014305115,0.00032520294,0.0028762817
20180322-124746-1.jpg,8,8,7.3254108e-05,7.5817108e-05,0.00013005733,0.00019657612,0.0001360178,0.00010889769,0.00011271238,0.0001270771,0.99902344
20170610-123017-0.jpg,1,1,0.00064277649,0.98779297,0.00028061867,0.00045919418,0.00021493435,0.0002194643,0.00048398972,0.00059700012,0.0094223022
20171220-092429-3.jpg,8,8,0.00023150444,0.00026392937,0.00014603138,0.00027441978,0.00011396408,0.00022864342,0.00011593103,0.00038170815,0.99804688
20171218-122036-2.jpg,8,8,0.00013196468,0.00016283989,7.712841e-05,0.00017285347,5.9604645e-05,0.0001937151,9.2148781e-05,0.00019645691,0.99902344
20180105-095713-2.jpg,8,8,6.1869621e-05,5.5253506e-05,5.865097e-05,6.2942505e-05,4.5895576e-05,5.5074692e-05,0.00010818243,0.00013244152,0.99951172
20171218-110511-3.jpg,8,8,0.00013554096,0.00013768673,6.9439411e-05,0.00019943714,5.5015087e-05,0.00021696091,9.5248222e-05,0.00019431114,0.99902344
20170715-113141-1.jpg,1,1,0.00091838837,0.99267578,0.00022244453,0.00062465668,0.00019955635,0.00029087067,0.00021159649,0.0010681152,0.0039520264
20171113-133644-1.jpg,6,6,0.00017178059,0.00028324127,0.00011730194,0.0001360178,0.00016653538,8.2373619e-05,0.99414062,0.00019776821,0.0047111511
20180112-102332-2.jpg,8,8,0.00039839745,8.7082386e-05,0.00015950203,0.00024235249,0.00011926889,7.2062016e-05,0.00020706654,0.0017547607,0.99707031
20170906-094918-2.jpg,3,3,0.020523071,0.00058364868,0.00043463707,0.94970703,0.0013179779,0.00035071373,0.00021982193,0.0015039444,0.025268555
20171218-103735-2.jpg,8,8,0.00022125244,0.00016534328,9.0360641e-05,0.00012254715,9.4890594e-05,0.00020182133,0.00014019012,0.00033164024,0.99853516
20180125-132729-3.jpg,8,8,0.00019192696,0.0001950264,0.00015485287,0.00015592575,0.00013649464,8.4519386e-05,0.00015747547,0.00049304962,0.99853516
20170920-101817-2.jpg,2,2,0.00021982193,0.00020802021,0.99511719,0.00019931793,0.00058221817,0.00017905235,0.000223279,0.00023210049,0.0030879974
20171220-095249-2.jpg,8,8,0.00027108192,0.00048971176,0.00011408329,0.00046801567,0.00011235476,0.00034093857,9.4771385e-05,0.00030875206,0.99755859
20180109-073101-1.jpg,8,8,8.1002712e-05,9.0360641e-05,7.0750713e-05,8.5413456e-05,6.7353249e-05,9.2864037e-05,0.00040555,0.00014698505,0.99902344
20180105-101131-2.jpg,8,8,0.00012254715,0.00011253357,0.00031805038,8.9049339e-05,0.00013792515,8.1717968e-05,0.00026035309,0.00015962124,0.99853516
20171113-145232-3.jpg,6,6,0.00015807152,0.00027775764,0.00027394295,9.8586082e-05,0.00030899048,0.00012874603,0.99267578,0.0002682209,0.0059814453
20171212-095147-3.jpg,8,8,0.00011271238,0.0001347065,7.8201294e-05,9.4354153e-05,6.7234039e-05,0.00010579824,0.00010484457,0.000187397,0.99902344
20180105-093811-2.jpg,8,8,6.8247318e-05,6.0319901e-05,8.5651875e-05,7.1644783e-05,6.4790249e-05,6.0498714e-05,0.00013589859,0.0001424551,0.99951172
20180109-091152-2.jpg,8,8,0.00012898445,0.00014066696,5.5670738e-05,0.00024354458,4.2259693e-05,0.00013566017,7.212162e-05,0.00016725063,0.99902344
20170217-152300-0.jpg,0,0,0.98144531,0.0020713806,0.00041627884,0.0005364418,0.000415802,0.00056219101,0.0008597374,0.0014562607,0.012130737
20171212-094434-1.jpg,8,8,0.00014531612,0.00021314621,0.00013136864,0.00023949146,8.7976456e-05,0.00020444393,0.00010973215,0.00022530556,0.99853516
20171219-095652-3.jpg,8,8,0.00011527538,6.5863132e-05,7.2062016e-05,0.00013113022,8.9049339e-05,6.8545341e-05,7.6115131e-05,0.000172019,0.99902344
20171220-082927-2.jpg,8,8,0.00019240379,0.00016880035,0.00011748075,0.0002155304,0.00012695789,0.00010180473,6.54459e-05,0.0002310276,0.99902344
20180112-092714-1.jpg,8,8,0.00020909309,0.00017917156,7.7605247e-05,0.00021648407,9.2327595e-05,9.0062618e-05,9.4771385e-05,0.00034999847,0.99853516
20170718-132035-2.jpg,7,7,0.0017671585,0.031768799,0.00032663345,0.0012979507,0.00037956238,0.00078964233,0.00062656403,0.94873047,0.014060974
20170210-141801-0.jpg,7,7,0.00046110153,0.00022006035,0.00011700392,0.00027275085,0.00010079145,0.00018119812,0.00014102459,0.99560547,0.0028972626
20180109-090753-2.jpg,8,8,0.00055217743,0.00038266182,0.00015449524,0.0008764267,0.0001488924,0.00031614304,0.00017440319,0.0013036728,0.99609375
20171109-091717-1.jpg,5,5,0.00026988983,0.00044417381,0.00023555756,0.000259161,0.0002399683,0.99414062,0.00023722649,0.00041699409,0.0037021637
20170728-124122-2.jpg,4,4,0.00047206879,0.00028848648,0.0008020401,0.00060892105,0.99121094,0.00032997131,0.00024533272,0.00046420097,0.0057525635
20180112-094653-2.jpg,8,8,0.00019192696,0.00013959408,0.00012528896,0.00010329485,0.0001475811,7.6532364e-05,7.5817108e-05,0.00018203259,0.99902344
20161207-111917-0.jpg,0,8,0.14367676,0.18994141,0.00030708313,0.00091123581,0.0002655983,0.0033226013,0.00076293945,0.0054321289,0.65527344
20171102-122914-3.jpg,2,2,0.0005979538,0.00058460236,0.98339844,0.00050163269,0.0029144287,0.00043082237,0.00025486946,0.00058269501,0.010566711
20171102-121633-1.jpg,2,2,0.00027155876,0.00022602081,0.99267578,0.00022017956,0.00080394745,0.00023686886,0.00020825863,0.00029635429,0.0048751831
20180109-070126-2.jpg,8,8,0.00032234192,0.00025606155,0.00017881393,0.00045800209,0.00032234192,0.00013077259,0.00024747849,0.00053024292,0.99755859
20171212-104904-3.jpg,8,8,0.00026226044,0.00022733212,0.0002553463,0.00019943714,0.0001065135,0.00021409988,9.1016293e-05,0.00028347969,0.99853516
20170913-125134-1.jpg,5,5,0.00038766861,0.00028252602,0.00034976006,0.00060939789,0.00045681,0.99169922,0.00044465065,0.00029826164,0.0055351257
20171113-113043-0.jpg,6,6,0.00017940998,0.00024056435,0.00022304058,0.00013315678,0.00025486946,0.00013816357,0.99609375,0.00024175644,0.0026683807
20170705-161400-0.jpg,7,7,0.0082473755,0.0016727448,0.00018131733,0.00059127808,0.0002092123,0.0016622543,0.00018823147,0.96777344,0.01965332
20170811-112959-2.jpg,0,0,0.98876953,0.00035572052,0.0002758503,0.00051259995,0.00063610077,0.00042676926,0.000202775,0.00068807602,0.0082855225
20170704-154906-0.jpg,7,7,0.001033783,0.00365448,0.00020933151,0.00025343895,0.00012135506,0.00016140938,0.0023021698,0.52148438,0.47094727
20161207-112029-0.jpg,0,0,0.67138672,0.2578125,0.00032758713,0.0007648468,0.00046944618,0.053527832,0.0030479431,0.0029144287,0.0098190308
20170210-132522-0.jpg,0,0,0.98974609,0.00054454803,0.00027656555,0.00022351742,0.00025939941,0.00023090839,0.00021016598,0.0037612915,0.0048980713
20180322-114339-2.jpg,8,8,0.00078296661,0.00028562546,0.00015878677,0.00028800964,0.00016117096,0.00012362003,9.0420246e-05,0.00058317184,0.99755859
20180119-105049-2.jpg,8,8,0.00024747849,0.0003695488,0.00012552738,0.00015199184,7.8141689e-05,9.8407269e-05,9.8824501e-05,0.000395298,0.99853516
20171220-084737-2.jpg,8,8,0.00065517426,0.0021286011,0.00016021729,0.00033354759,0.00011587143,0.00035715103,0.000228405,0.0006070137,0.99560547
20171121-073623-1.jpg,6,6,0.00016832352,0.0003759861,0.00019097328,0.00012910366,0.0002425909,0.00018966198,0.99609375,0.00030994415,0.0022640228
20170718-132445-2.jpg,7,7,0.00067043304,0.00062608719,0.00027823448,0.00081253052,0.00025129318,0.00027966499,0.00022900105,0.99121094,0.0058059692
20180105-092349-2.jpg,8,8,8.9049339e-05,6.3598156e-05,8.970499e-05,8.8572502e-05,7.045269e-05,7.8856945e-05,0.00025844574,0.0001462698,0.99902344
20170714-150055-1.jpg,1,1,0.00033402443,0.99560547,0.00015699863,0.00029087067,0.00014436245,0.00016975403,0.00019335747,0.00044345856,0.002456665
20180109-105946-2.jpg,8,8,0.00055217743,0.00038194656,0.00030946732,0.00040960312,0.00023424625,0.00014984608,0.00013589859,0.00071382523,0.99707031
20180322-113804-2.jpg,8,8,7.2777271e-05,9.8526478e-05,7.7784061e-05,0.00012409687,8.7082386e-05,6.7770481e-05,9.8049641e-05,0.00012505054,0.99902344
20170128-102729-0.jpg,8,8,0.00030517578,0.0012807846,9.1135502e-05,0.00040149689,0.0001026392,0.00016438961,0.00010818243,0.00019943714,0.99755859
20171220-100330-2.jpg,8,8,0.00014698505,0.0001295805,0.00012540817,0.00018358231,0.00012302399,0.00029706955,8.5890293e-05,0.00016951561,0.99853516
20170714-135916-1.jpg,1,1,0.00047206879,0.9921875,0.00021755695,0.00057125092,0.00025844574,0.00033545494,0.00026464462,0.00098323822,0.0048522949
20171217-184352-2.jpg,8,8,0.00025773048,0.00020670891,0.00013959408,0.00050115585,0.0001244545,0.0001707077,0.00011241436,0.00024747849,0.99804688
20170714-115346-3.jpg,1,1,0.00060939789,0.99121094,0.00026535988,0.00051403046,0.00029206276,0.00023937225,0.00064468384,0.00096559525,0.0050506592
20171218-103931-3.jpg,8,8,0.00010222197,0.00010365248,6.3300133e-05,7.6174736e-05,5.8054924e-05,6.5922737e-05,7.7784061e-05,0.00023066998,0.99902344
20180105-091805-2.jpg,8,8,0.0002092123,0.00024032593,0.00011700392,0.00040173531,0.0001912117,0.00045347214,0.0041732788,0.00059938431,0.99365234
20170718-132456-2.jpg,7,7,0.0016460419,0.0015468597,0.00039243698,0.0013160706,0.00031232834,0.00045800209,0.00027632713,0.98828125,0.0059165955
20170811-112755-2.jpg,0,0,0.97949219,0.00056266785,0.0001500845,0.00018215179,0.0001745224,0.00017654896,0.00026702881,0.00043010712,0.018692017
20180322-112516-2.jpg,8,8,0.00010162592,9.1016293e-05,5.2928925e-05,0.00012153387,7.5042248e-05,7.0810318e-05,5.8293343e-05,0.00016212463,0.99902344
20171220-093105-2.jpg,8,8,0.00020360947,0.00011581182,7.8141689e-05,0.00016784668,7.4803829e-05,9.9360943e-05,8.7141991e-05,0.00020813942,0.99902344
20170610-123940-0.jpg,1,1,0.00028538704,0.98583984,0.00013816357,0.00021624565,0.00014996529,0.00019049644,0.00026154518,0.00052309036,0.012382507
20171219-105947-2.jpg,8,8,0.00067949295,0.0015144348,0.00016319752,0.00026655197,0.0001308918,0.00031900406,0.00015449524,0.00042510033,0.99658203
20171025-092937-2.jpg,3,3,0.00075721741,0.00059604645,0.0010519028,0.98388672,0.0010948181,0.00047016144,0.00046539307,0.00087404251,0.010696411
20170920-172602-1.jpg,2,2,0.00018322468,0.00015628338,0.99414062,0.00018596649,0.00057935715,0.00015854836,0.00014388561,0.00020647049,0.0043716431
20171220-092121-2.jpg,8,8,0.0003888607,0.00025892258,0.00021386147,0.00063180923,0.00011789799,0.00066280365,0.00032448769,0.00034689903,0.99707031
20180322-112326-2.jpg,8,8,0.00010204315,9.9301338e-05,7.3730946e-05,0.00014030933,9.5367432e-05,0.00010997057,6.9618225e-05,0.00014746189,0.99902344
20171102-104540-2.jpg,2,2,0.00023007393,0.00015938282,0.89990234,0.00080060959,0.0011281967,0.00010150671,0.00022315979,0.00050258636,0.097106934
20170217-104514-0.jpg,0,0,0.99414062,0.00022137165,0.00017607212,0.00023305416,0.0001718998,0.00020372868,0.00025820732,0.00091123581,0.0034751892
20180112-093401-2.jpg,8,8,0.0005736351,0.00021088123,0.00011992455,9.3579292e-05,0.0001064539,0.00012648106,9.4652176e-05,0.0019855499,0.99658203
20180112-103409-2.jpg,8,8,0.00029158592,0.00018727779,0.00012719631,0.00085401535,0.00018823147,0.00015771389,0.0002477169,0.00077724457,0.99707031
20170906-135726-1.jpg,3,3,0.0013122559,0.00063323975,0.0024776459,0.98242188,0.00077676773,0.00015413761,0.00020873547,0.00091695786,0.011032104
20171113-120014-3.jpg,6,6,9.8586082e-05,0.00019741058,0.00018024445,0.00010222197,0.00017404556,8.9764595e-05,0.99316406,0.00030303001,0.0055160522
20180125-132309-3.jpg,8,8,0.00045132637,0.00028657913,0.00015580654,0.00021338463,0.00023829937,6.8306923e-05,0.00023078918,0.0062141418,0.9921875
20170920-114046-3.jpg,2,2,0.0003862381,0.00031781197,0.9921875,0.0005607605,0.0012197495,0.00022017956,0.00039219856,0.00051879883,0.0041389465
20171203-164604-3.jpg,8,8,0.0002361536,0.00028944016,0.00023591518,0.00021600723,0.00018751621,0.00013411045,9.4115734e-05,0.00015306473,0.99853516
20171220-084748-2.jpg,8,8,0.00026273727,0.0003194809,0.00017023087,0.00025224686,0.00012600422,0.00040316582,0.00013291836,0.00027370453,0.99804688
20170630-154236-0.jpg,7,7,0.0011577606,0.00092124939,0.00021970272,0.00049448013,0.00014019012,0.00023961067,0.00025439262,0.99072266,0.0058441162
20171212-100831-1.jpg,8,8,0.00012886524,0.00027632713,7.5757504e-05,7.8320503e-05,6.54459e-05,0.00064659119,0.00015115738,0.00022065639,0.99853516
20171113-135117-1.jpg,6,6,0.00017738342,0.00025868416,0.00019443035,7.3075294e-05,0.00023198128,9.1135502e-05,0.99560547,0.0002348423,0.0031070709
20180112-091942-1.jpg,8,8,0.00015687943,0.00015413761,8.3327293e-05,0.00013947487,7.0393085e-05,8.6426735e-05,8.0704689e-05,0.00029969215,0.99902344
20180109-075231-2.jpg,8,8,0.0014572144,0.0023403168,0.00022935867,0.00028204918,0.00027823448,0.00032019615,0.02281189,0.00072288513,0.97167969
20171218-105238-3.jpg,8,8,0.0002477169,0.0001449585,0.00010204315,0.00018000603,8.0525875e-05,0.0002207756,9.4294548e-05,0.00032401085,0.99853516
20170714-141938-2.jpg,1,1,0.00097608566,0.99169922,0.00024414062,0.00049352646,0.0002925396,0.00032830238,0.00031900406,0.0010271072,0.0044593811
20171113-131413-0.jpg,6,6,0.00015902519,0.00033402443,0.00025749207,9.1135502e-05,0.00025582314,0.00015592575,0.99609375,0.00020623207,0.002658844
20170705-164801-0.jpg,7,7,0.00057554245,0.00034928322,9.1075897e-05,0.00039792061,0.00011193752,0.00017595291,0.00013852119,0.99316406,0.0050964355
20171218-104232-3.jpg,8,8,0.00013816357,0.00018250942,0.00011062622,0.00010168552,8.3088875e-05,0.00025200844,8.9049339e-05,0.00017178059,0.99902344
20171219-113619-2.jpg,8,8,0.00024747849,0.0001308918,9.8407269e-05,0.00028753281,0.00029301643,0.00014019012,0.00019550323,0.0001758337,0.99853516
20161207-144724-0.jpg,7,5,0.0097198486,0.049530029,0.0010309219,0.00048708916,0.00064134598,0.47216797,0.00041651726,0.033477783,0.43237305
20170811-135001-2.jpg,0,0,0.99267578,0.00053977966,0.00021255016,0.00024700165,0.00024652481,0.00091314316,0.00012922287,0.00053882599,0.0042800903
20171113-133312-1.jpg,6,6,0.00017261505,0.00017011166,0.00017619133,0.00010126829,0.00021266937,0.00015592575,0.99609375,0.00020956993,0.0029010773
20170501-142614-0.jpg,1,1,0.00042963028,0.99414062,0.00019335747,0.00031495094,0.00021886826,0.00021421909,0.00041890144,0.00059127808,0.0036945343
20171203-173258-3.jpg,8,8,0.00018107891,0.00013935566,0.00017619133,0.00015413761,0.00024008751,6.1869621e-05,0.00017654896,0.00034070015,0.99853516
20180112-073544-1.jpg,8,8,0.00011247396,0.00017905235,0.00011521578,0.00015950203,0.0001154542,8.1419945e-05,0.00016522408,0.00018870831,0.99902344
20180125-100845-1.jpg,8,8,8.1181526e-05,9.6023083e-05,8.3446503e-05,9.3340874e-05,7.2538853e-05,5.698204e-05,9.149313e-05,0.00013768673,0.99951172
20180105-093745-3.jpg,8,8,0.00011247396,8.8572502e-05,8.3506107e-05,8.3744526e-05,8.8810921e-05,8.815527e-05,0.0019893646,0.00018930435,0.99707031
20170803-131611-1.jpg,0,0,0.99560547,0.00033807755,0.00021147728,0.00027489662,0.00025963783,0.00020515919,0.00018644333,0.0002951622,0.0028324127
20171113-092956-3.jpg,5,5,0.00021445751,0.00026679039,0.00016379356,0.00022578239,0.00015890598,0.99658203,0.00018107891,0.00031375885,0.0016765594
20170714-115730-2.jpg,1,1,0.0002477169,0.99462891,0.00019180775,0.00033760071,0.0001502037,0.00023913383,0.00032091141,0.00048279762,0.0034160614
20171025-094904-3.jpg,3,3,0.0009393692,0.00081157684,0.00047159195,0.98925781,0.00080060959,0.00043797493,0.00053596497,0.00062227249,0.0061988831
20170913-122254-3.jpg,3,3,0.00052261353,0.00028181076,0.00026655197,0.99414062,0.00054645538,0.00041270256,0.00017476082,0.00041007996,0.0030078888
20171102-120800-2.jpg,2,2,0.00045585632,0.00081396103,0.99023438,0.00018143654,0.00072669983,0.00051784515,0.00025820732,0.001001358,0.0058746338
20170210-131513-0.jpg,7,7,0.0010251999,0.000395298,0.00022256374,0.00041675568,0.00019097328,0.00036048889,0.00027370453,0.9921875,0.0048942566
20171205-124213-2.jpg,8,8,0.00062847137,0.00062417984,7.7545643e-05,0.0024013519,0.0084152222,0.0011930466,9.7990036e-05,0.0001578331,0.98632812
20180125-092007-1.jpg,8,8,0.00010025501,8.0406666e-05,6.7234039e-05,9.5009804e-05,7.1108341e-05,6.711483e-05,8.2075596e-05,0.00017249584,0.99902344
20171025-073458-2.jpg,3,3,0.00053310394,0.0010700226,0.00066804886,0.95898438,0.0007610321,0.00057649612,0.00044631958,0.00041913986,0.036529541
20180322-113021-2.jpg,8,8,0.00010585785,0.00011312962,9.5486641e-05,0.00012946129,9.3996525e-05,9.6321106e-05,6.300211e-05,0.00016903877,0.99902344
20180322-103240-2.jpg,8,8,0.00019097328,0.00016760826,0.00013077259,0.00030565262,0.000192523,0.00017309189,0.00013530254,0.00028967857,0.99853516
20171113-133727-1.jpg,6,6,0.00028324127,0.00078296661,9.0420246e-05,6.9618225e-05,0.00012779236,0.00010740757,0.98193359,0.00083065033,0.015563965
20171025-101207-2.jpg,3,3,0.00064325333,0.00040125847,0.00024151802,0.98681641,0.00028777122,0.00024294853,0.00015485287,0.0003721714,0.010894775
20170207-154732-0.jpg,0,0,0.98779297,0.00055789948,0.00035309792,0.00041842461,0.00033736229,0.00043177605,0.00032138824,0.00098705292,0.0087432861
20180322-112853-1.jpg,8,8,0.00020337105,0.0001244545,8.2314014e-05,0.00029063225,9.6559525e-05,0.00014090538,4.4882298e-05,0.00038814545,0.99853516
20170630-155427-0.jpg,7,7,0.0013713837,0.00061368942,0.00019478798,0.00038123131,0.00014877319,0.00033593178,0.00024330616,0.99169922,0.0052337646
20171220-093327-3.jpg,8,8,0.00020217896,0.00033211708,9.9122524e-05,0.0002143383,0.00012218952,0.00051879883,0.0007443428,0.00030970573,0.99755859
20171102-122305-3.jpg,2,2,0.00025963783,0.00022411346,0.99414062,0.00023055077,0.00068283081,0.00024414062,0.00018167496,0.00039887428,0.0038299561
20170704-150611-0.jpg,7,8,0.01071167,0.001578331,0.00084257126,0.0086212158,0.00038933754,0.00026345253,0.00051307678,0.036956787,0.93994141
20180322-103350-1.jpg,8,8,9.7572803e-05,8.2731247e-05,5.0783157e-05,0.00016498566,9.4711781e-05,7.1704388e-05,6.1094761e-05,0.00015830994,0.99902344
20171220-084929-2.jpg,8,8,0.00017488003,0.00014305115,9.9360943e-05,0.00023627281,8.4042549e-05,0.00055074692,0.00011652708,0.00027012825,0.99853516
20180125-094316-1.jpg,8,8,0.00025296211,0.00017225742,0.00076675415,0.00086164474,0.0014944077,0.00024342537,0.0002270937,0.00027728081,0.99560547
20170728-120256-2.jpg,4,4,0.00046300888,0.00022566319,0.00070047379,0.00060081482,0.9921875,0.00027942657,0.00024163723,0.00049781799,0.0048522949
20170913-104436-3.jpg,5,5,0.00053834915,0.00034093857,0.00026297569,0.00045275688,0.00028896332,0.99267578,0.00026321411,0.00033164024,0.0050468445
20180105-094110-3.jpg,8,8,0.00014162064,0.00015318394,0.00011247396,0.00010311604,0.00014483929,8.0406666e-05,0.0018320084,0.00019443035,0.99707031
20171220-101008-1.jpg,8,8,0.00014364719,0.00012016296,0.0001758337,0.0003387928,0.00011122227,0.00027298927,9.304285e-05,0.00026082993,0.99853516
20170920-190555-1.jpg,2,2,0.00024354458,0.00024402142,0.99462891,0.00028395653,0.0007982254,0.0001885891,0.00026249886,0.00031876564,0.0032234192
20180119-105857-1.jpg,8,8,0.0013799667,0.00096225739,0.00015830994,0.00012719631,0.00022947788,0.00014901161,0.00056600571,0.0011749268,0.99511719
20171218-113429-3.jpg,8,8,0.00026726723,0.00030040741,0.00024139881,0.00016224384,0.00017297268,0.00036072731,0.00017023087,0.00025963783,0.99804688
20180109-094650-1.jpg,8,8,0.00024724007,0.00019180775,0.00015282631,0.00043416023,0.00017178059,0.00017976761,0.00016129017,0.00053167343,0.99804688
20170501-143023-0.jpg,1,1,0.00077390671,0.98535156,0.00013613701,0.00022602081,0.00012135506,0.00041341782,0.0015859604,0.00058555603,0.010879517
20170207-141531-0.jpg,7,7,0.0016927719,0.00070047379,0.00032782555,0.00046277046,0.00032734871,0.00055456161,0.00023984909,0.99072266,0.0048332214
20180322-112424-2.jpg,8,8,0.00010293722,8.1777573e-05,6.2584877e-05,0.00012505054,5.865097e-05,7.9631805e-05,6.4313412e-05,0.00014448166,0.99951172
20180105-092523-2.jpg,8,8,0.00012135506,9.5665455e-05,0.00017499924,7.6949596e-05,0.00033974648,9.3400478e-05,0.00088596344,0.00018870831,0.99804688
20180112-082416-1.jpg,8,8,0.00010663271,0.00018000603,9.3758106e-05,0.00062513351,0.00010812283,0.00014901161,0.00014460087,0.00021862984,0.99853516
20171218-111306-3.jpg,8,8,0.00020313263,0.000192523,0.00010919571,0.00022053719,0.00010168552,0.00017666817,0.00010049343,0.00035786629,0.99853516
20171205-133606-2.jpg,8,8,0.0001502037,0.00029683113,9.2804432e-05,0.00015807152,0.00011324883,0.00061845779,8.3982944e-05,0.00029015541,0.99804688
20171219-113454-2.jpg,8,8,0.00045633316,0.00042748451,0.0001373291,9.8288059e-05,0.0048980713,0.00015497208,0.00028181076,0.00016856194,0.99316406
20171203-172217-3.jpg,8,8,0.0001013279,0.00030469894,4.4763088e-05,0.00010597706,5.4478645e-05,0.00012421608,6.633997e-05,0.0001783371,0.99902344
20180322-124822-1.jpg,8,8,7.724762e-05,6.4730644e-05,7.212162e-05,0.00018882751,9.5367432e-05,0.0001693964,8.7857246e-05,9.9003315e-05,0.99902344
20180109-092334-2.jpg,8,8,0.00011605024,7.8737736e-05,7.6889992e-05,0.0001129508,9.9360943e-05,7.7366829e-05,5.4717064e-05,0.00016391277,0.99902344
20180109-090023-1.jpg,8,8,0.00027918816,0.00027394295,0.00013542175,0.00035190582,0.00015795231,0.00017130375,0.00026607513,0.00063848495,0.99755859
20170913-104656-1.jpg,3,3,0.00029706955,0.00027394295,0.00030827522,0.99365234,0.00067043304,0.00044894218,0.00015199184,0.00041913986,0.0035629272
20171109-091412-2.jpg,5,5,0.0010681152,0.0027217865,0.00045132637,0.00071382523,0.00049829483,0.96679688,0.0016717911,0.00097942352,0.024978638
20171220-092108-3.jpg,8,8,0.00079584122,0.00010919571,9.0777874e-05,0.00033211708,8.2492828e-05,0.00034022331,8.1419945e-05,0.00032234192,0.99804688
20171220-084907-2.jpg,8,8,0.00017893314,0.0001553297,8.1002712e-05,0.00029873848,8.1479549e-05,0.00031924248,8.8214874e-05,0.00025057793,0.99853516
20170210-132618-0.jpg,0,0,0.98828125,0.00061035156,0.00017333031,0.00016796589,0.00021398067,0.00015962124,0.00020623207,0.0072898865,0.0031318665
20180112-073449-1.jpg,8,8,0.0001142025,0.00026750565,0.00011473894,0.00041460991,0.00012481213,0.00014388561,0.00018286705,0.00020837784,0.99853516
20171220-085211-3.jpg,8,8,0.00040459633,0.00036358833,0.00023591518,0.00016283989,0.00014281273,0.00024604797,0.00014126301,0.0005812645,0.99755859
20171121-082808-2.jpg,6,6,0.00023925304,0.00046277046,0.00019645691,0.00014829636,0.0002259016,0.00019192696,0.99511719,0.00029087067,0.0031204224
20171109-074707-3.jpg,5,5,0.00029110909,0.00022423267,0.0001989603,0.00019478798,0.00017905235,0.99658203,0.00017821789,0.00031042099,0.0020809174
20180112-092924-1.jpg,8,8,0.00012886524,0.00018370152,8.0943108e-05,7.2836876e-05,9.983778e-05,8.5890293e-05,9.7990036e-05,0.00033450127,0.99902344
20171025-094116-1.jpg,3,3,0.00074720383,0.00046014786,0.00062894821,0.98876953,0.00068616867,0.00031352043,0.00037431717,0.00055027008,0.0073661804
20170501-145604-0.jpg,8,8,0.00023901463,0.00044703484,8.7320805e-05,0.00025177002,0.00010597706,9.0658665e-05,8.8572502e-05,0.00060319901,0.99804688
20170913-124142-1.jpg,5,5,0.0004427433,0.00033855438,0.00035023689,0.0005979538,0.00031304359,0.99072266,0.00036358833,0.00042629242,0.0065536499
20170728-124854-2.jpg,4,4,0.0004734993,0.00015795231,0.0005273819,0.00039196014,0.99072266,0.00023829937,0.00025320053,0.00040888786,0.0066184998
20171108-124156-3.jpg,5,5,0.00050258636,0.00034928322,0.00030517578,0.00020933151,0.00029277802,0.99316406,0.00027084351,0.00048923492,0.0043830872
20180109-092008-1.jpg,8,8,0.0010795593,0.00033473969,0.00013995171,0.00032567978,0.00018429756,0.0002117157,0.00033426285,0.0085754395,0.98876953
20180109-075152-2.jpg,8,8,0.00021517277,0.00011408329,0.00011759996,0.00012850761,0.00010567904,9.0062618e-05,0.00050878525,0.00031805038,0.99853516
20180112-080916-2.jpg,8,8,0.00095319748,0.00018596649,9.3698502e-05,0.13085938,0.00014281273,0.00013244152,9.226799e-05,0.000436306,0.8671875
20170210-132902-0.jpg,0,7,0.28881836,0.00069713593,0.00010663271,0.00025939941,0.00010621548,0.00025725365,8.7559223e-05,0.70117188,0.0086212158
20170920-101234-1.jpg,2,2,0.00024628639,0.00020122528,0.99023438,0.00017011166,0.0028057098,0.00018835068,0.00022602081,0.00027418137,0.005859375
20180109-091450-2.jpg,8,8,0.00027751923,0.00019443035,0.00013303757,0.00043225288,0.00020706654,0.00014841557,0.00030398369,0.00099086761,0.99707031
20170811-125256-2.jpg,0,0,0.99267578,0.00037670135,0.0003259182,0.00029706955,0.00042939186,0.00064945221,0.00023663044,0.00046920776,0.0044593811
20171220-083802-3.jpg,8,8,0.00023496151,0.00014305115,0.00013887882,0.00023722649,0.0001502037,0.00014340878,7.8201294e-05,0.00031352043,0.99853516
20170714-135001-3.jpg,1,1,0.00081014633,0.98583984,0.00043940544,0.00082969666,0.00046920776,0.0004222393,0.00043940544,0.0016012192,0.0091934204
20170210-132021-0.jpg,7,7,0.0015745163,0.00056266785,0.00031089783,0.00078392029,0.00018656254,0.00037050247,0.00021135807,0.98144531,0.014419556
20171218-110926-2.jpg,8,8,0.0011234283,0.00057935715,0.00013697147,0.00024211407,9.4711781e-05,0.00018584728,0.00013589859,0.0023956299,0.99511719
20171113-092203-3.jpg,5,5,0.00023758411,0.00020742416,0.00017380714,0.00016713142,0.00017857552,0.99658203,0.00013744831,0.00033426285,0.0019931793
20170718-132207-2.jpg,7,7,0.0011968613,0.00098705292,0.00032424927,0.00093793869,0.00021612644,0.0012483597,0.00045371056,0.98632812,0.0082244873
20170217-122030-0.jpg,0,0,0.99560547,0.00014996529,0.0002155304,0.00016784668,0.0002014637,0.00015091896,0.00015962124,0.00028800964,0.0028266907
20171113-101927-0.jpg,6,6,0.00019490719,0.00027227402,0.00024795532,0.00013017654,0.00026607513,0.00015234947,0.99511719,0.00039315224,0.0033416748
20180112-070741-2.jpg,8,8,0.00016880035,0.00024044514,0.00010234118,0.00058221817,0.00017821789,0.00021719933,0.00013899803,0.00024485588,0.99804688
20171218-113245-3.jpg,8,8,0.00021898746,0.00027298927,0.00010454655,0.00017130375,0.00014960766,0.00053834915,0.00020551682,0.00024819374,0.99804688
20170913-105841-3.jpg,5,5,0.00036334991,0.00041127205,0.00032401085,0.00054311752,0.00032567978,0.99169922,0.00035667419,0.00034213066,0.0056381226
20171113-115735-3.jpg,6,6,0.00014805794,0.0002579689,0.00025844574,0.00011378527,0.00022470951,0.00012350082,0.99511719,0.00026655197,0.0037136078
20180105-092732-3.jpg,8,8,0.00023579597,0.0005941391,0.00018155575,0.00013780594,0.00019466877,0.00022637844,0.47460938,0.00037527084,0.5234375
20170127-101707-0.jpg,1,1,0.00025177002,0.99023438,9.7990036e-05,0.00031876564,9.6321106e-05,0.00030851364,0.00020992756,0.00026512146,0.0080795288
20180322-111023-2.jpg,8,8,0.00012922287,0.00010114908,8.2969666e-05,0.00012803078,6.3061714e-05,9.7334385e-05,7.2896481e-05,0.00022470951,0.99902344
20171025-091306-1.jpg,3,3,0.00066900253,0.0005569458,0.00060558319,0.99072266,0.0010042191,0.00044083595,0.00044250488,0.00059890747,0.0049476624
20171218-104012-2.jpg,8,8,0.0002644062,0.00045132637,6.5028667e-05,7.468462e-05,6.6161156e-05,0.00092983246,4.8100948e-05,0.00023603439,0.99804688
20171218-120734-2.jpg,8,8,0.00026130676,0.00017130375,0.0001244545,0.00021231174,9.5129013e-05,0.00021064281,9.2029572e-05,0.00027394295,0.99853516
20180109-095719-1.jpg,8,8,0.0001783371,0.00022351742,7.1465969e-05,0.00014352798,7.9810619e-05,8.6128712e-05,0.00010532141,0.00037765503,0.99853516
20180109-092223-2.jpg,8,8,0.00022768974,0.00018620491,6.3538551e-05,0.00013375282,6.5207481e-05,9.4950199e-05,0.00027084351,0.00039076805,0.99853516
20171220-090512-2.jpg,8,8,0.0027599335,0.0019207001,0.041870117,0.000477314,0.00062847137,0.00060367584,0.00030946732,0.0018281937,0.94970703
20170501-145007-0.jpg,8,8,0.000192523,0.00047922134,4.5001507e-05,0.00011587143,4.7624111e-05,0.00023281574,0.00010758638,0.00026774406,0.99853516
20180109-070530-1.jpg,8,8,6.7055225e-05,8.5115433e-05,5.6564808e-05,8.1896782e-05,5.364418e-05,5.5551529e-05,7.7009201e-05,0.00015878677,0.99951172
20180109-092518-1.jpg,8,8,0.00012481213,0.00012743473,6.1631203e-05,0.00015234947,7.2360039e-05,0.00010424852,0.00012230873,0.00027513504,0.99902344
20171113-151058-0.jpg,6,6,0.0002194643,0.00041842461,0.00020778179,0.00012159348,0.00032711029,0.00011557341,0.99414062,0.00047922134,0.0041923523
20170811-124803-2.jpg,0,0,0.97949219,0.00037384033,0.00021052361,0.00020849705,0.00022721291,0.00020647049,0.00016844273,0.014030457,0.005065918
20180105-092255-2.jpg,8,8,9.1016293e-05,6.0796738e-05,0.00010073185,9.0837479e-05,6.711483e-05,0.00010085106,0.00023019314,0.00020492077,0.99902344
20170715-100156-1.jpg,1,1,0.00034499168,0.99462891,0.00018370152,0.00041007996,0.00016856194,0.00020432472,0.00040173531,0.00048708916,0.0031166077
20171212-094924-3.jpg,8,8,0.00011181831,0.00015521049,7.3671341e-05,0.00015664101,6.467104e-05,0.00010311604,9.0539455e-05,0.000177145,0.99902344
20171219-113516-2.jpg,8,8,0.00022232533,7.9214573e-05,0.0082244873,0.00025558472,0.00064659119,6.6697598e-05,0.00018966198,0.00023281574,0.99023438
20170920-130234-2.jpg,4,2,0.0005364418,0.00024628639,0.97363281,0.0010910034,0.0014295578,0.00012671947,0.00017380714,0.00049495697,0.022064209
20180109-103642-1.jpg,8,8,0.00016283989,0.00011885166,0.00013494492,0.00021839142,0.00016927719,8.5890293e-05,0.00016331673,0.00032353401,0.99853516
20171217-103334-2.jpg,8,8,0.00028061867,0.00012624264,0.00012004375,0.00023317337,0.00014090538,0.00014960766,9.137392e-05,0.0003182888,0.99853516
20170728-122435-2.jpg,4,4,0.00043821335,0.00018465519,0.0020046234,0.00062417984,0.99072266,0.00025582314,0.0002655983,0.00043439865,0.0050964355
20171113-061405-1.jpg,6,6,0.0001333952,0.00029110909,0.00014388561,5.5611134e-05,0.00014722347,5.2034855e-05,0.99609375,0.00013184547,0.003074646
20170627-103733-0.jpg,0,0,0.96972656,0.00013196468,0.00016069412,8.8214874e-05,0.00014293194,0.0010929108,6.711483e-05,0.00067472458,0.028045654
20180112-071644-2.jpg,8,8,9.6023083e-05,0.00011110306,5.1259995e-05,0.00084400177,0.00010234118,0.00012457371,9.4771385e-05,0.00016307831,0.99853516
20171109-091242-2.jpg,5,5,0.00034499168,0.0010347366,0.00015032291,0.00019335747,0.00018382072,0.86865234,0.00039124489,0.00046610832,0.12866211
20171220-101811-2.jpg,8,8,0.0004093647,0.00029730797,0.00025415421,0.00025415421,0.00023782253,0.00084495544,0.00041270256,0.00024986267,0.99707031
20180105-094917-3.jpg,8,8,0.00014817715,9.739399e-05,0.00016844273,9.5069408e-05,0.00017130375,8.0049038e-05,0.0023422241,0.00017380714,0.99658203
20180109-091017-2.jpg,8,8,0.00032114983,0.0002425909,0.00011861324,0.00072622299,0.00014436245,0.00014531612,0.00012165308,0.00093173981,0.99707031
20171113-175713-0.jpg,6,6,0.00016224384,0.00027871132,0.00019598007,9.393692e-05,0.00020337105,0.00010305643,0.99658203,0.00018179417,0.0023384094
20171220-093619-2.jpg,8,8,0.00034117699,0.00023496151,0.00011277199,0.00020539761,5.7816505e-05,0.0030155182,0.00010067225,0.00021445751,0.99560547
20171205-141044-2.jpg,8,8,0.00016629696,0.00013160706,0.00010985136,0.00016188622,0.00010532141,0.00040745735,0.00010508299,0.00019884109,0.99853516
20171109-072340-3.jpg,5,5,0.00018930435,0.00016582012,0.00015997887,0.00015759468,0.00014901161,0.99609375,0.00014567375,0.00026774406,0.0025482178
20170913-105113-1.jpg,3,3,0.00024414062,0.00028586388,0.00033855438,0.99267578,0.00050783157,0.0002746582,0.00013899803,0.00031852722,0.0053100586
20171218-111251-3.jpg,8,8,0.00026392937,0.00039482117,0.00012600422,0.00027894974,8.9883804e-05,0.0012454987,0.00013852119,0.00024211407,0.99707031
20180125-135436-3.jpg,8,8,9.4294548e-05,0.00011396408,7.8976154e-05,8.302927e-05,5.7578087e-05,5.9604645e-05,9.5009804e-05,0.00018000603,0.99902344
20171109-093036-3.jpg,5,5,0.00045657158,0.00037932396,0.00032043457,0.0003092289,0.0003015995,0.98925781,0.00023460388,0.00061941147,0.0083236694
20170315-085005-0.jpg,8,8,0.00015878677,0.0018787384,9.9241734e-05,0.00016129017,9.906292e-05,0.0001257658,9.8645687e-05,0.0005364418,0.99707031
20170714-170608-1.jpg,1,1,0.00066995621,0.99267578,0.0002553463,0.00052785873,0.00028657913,0.00032520294,0.00033998489,0.00082349777,0.004119873
20171220-100441-1.jpg,8,8,0.00012648106,0.00013113022,9.0718269e-05,0.00021052361,6.8187714e-05,0.00011646748,7.4207783e-05,0.00022387505,0.99902344
20170920-132642-2.jpg,2,2,0.00019991398,0.00016343594,0.99511719,0.00037813187,0.00044679642,0.00014269352,0.00012540817,0.00025987625,0.0032806396
20170727-170453-1.jpg,4,4,0.00058746338,0.00020563602,0.00039625168,0.00044631958,0.99169922,0.00026988983,0.00021779537,0.00046563148,0.0055732727
20180322-120327-2.jpg,8,8,0.00011503696,9.1195107e-05,6.7412853e-05,0.0001667738,7.4088573e-05,8.1837177e-05,7.0393085e-05,0.00016963482,0.99902344
20180125-092039-1.jpg,8,8,9.149313e-05,9.8407269e-05,5.8054924e-05,9.3996525e-05,7.1048737e-05,7.724762e-05,7.7605247e-05,0.00014507771,0.99951172
20180125-101142-2.jpg,8,8,6.3657761e-05,5.0783157e-05,7.2062016e-05,8.9645386e-05,4.6133995e-05,4.7564507e-05,7.9452991e-05,0.00010168552,0.99951172
20180125-123225-2.jpg,8,8,0.00010043383,7.2300434e-05,0.00012266636,0.00010621548,9.2864037e-05,7.4625015e-05,0.00013542175,0.00018906593,0.99902344
20171113-142826-3.jpg,6,6,0.00016140938,0.00027990341,0.00015616417,0.00011986494,0.00019299984,8.5651875e-05,0.99609375,0.00023877621,0.0024604797
20170610-122744-0.jpg,1,1,0.0010089874,0.98242188,9.7990036e-05,0.00016880035,0.00013053417,0.00010997057,0.00018644333,0.00075674057,0.01512146
20170906-104140-1.jpg,3,3,0.00099086761,0.00087451935,0.00067186356,0.99072266,0.00073575974,0.00054216385,0.00036787987,0.00059366226,0.0047035217
20171121-091140-3.jpg,6,6,0.00025606155,0.00034689903,0.0002849102,0.00014555454,0.00040602684,0.00016868114,0.9921875,0.00029706955,0.0061378479
20180109-071653-1.jpg,8,8,0.00012016296,8.1539154e-05,0.0001154542,0.00014698505,9.4234943e-05,0.00011301041,0.00019788742,0.00021207333,0.99902344
20170210-134009-0.jpg,0,0,0.984375,0.00070858002,0.00038719177,0.00031542778,0.00037503242,0.0003285408,0.00028610229,0.0045509338,0.0086898804
20180112-094246-1.jpg,8,8,0.00014066696,0.0001462698,0.00014781952,0.00016868114,0.00017225742,8.0347061e-05,0.00013625622,0.00029563904,0.99853516
20171025-091428-2.jpg,3,3,0.001502037,0.00046563148,0.0012483597,0.92089844,0.01424408,0.00043559074,0.00027322769,0.00066947937,0.060150146
20170920-163055-3.jpg,2,2,0.00045728683,0.00029540062,0.99121094,0.00044441223,0.00090074539,0.00028252602,0.00020813942,0.00042796135,0.0057563782
20180322-112607-2.jpg,8,8,0.00011831522,0.00011378527,8.3208084e-05,0.00013577938,0.0001115799,8.3327293e-05,9.2506409e-05,0.00019848347,0.99902344
20170715-125535-1.jpg,1,1,0.00041222572,0.99462891,0.00020349026,0.00048160553,0.00017595291,0.00025272369,0.00022864342,0.0006070137,0.0032119751
20170217-100120-0.jpg,7,7,0.00083351135,0.00042581558,0.00022375584,0.00038170815,0.00017690659,0.0003516674,0.00020563602,0.9921875,0.0051078796
20171218-103327-3.jpg,8,8,0.00015950203,0.00012934208,0.00011378527,0.00010150671,7.4148178e-05,9.816885e-05,9.3519688e-05,0.00023162365,0.99902344
20180109-091805-2.jpg,8,8,0.00023603439,0.00010102987,6.955862e-05,0.00011444092,8.6247921e-05,0.00012969971,0.00021696091,0.00016248226,0.99902344
20171122-101138-1.jpg,5,5,0.00029945374,0.0003259182,0.00028395653,0.00018322468,0.00027418137,0.99511719,0.00018560886,0.00037670135,0.0030574799
20170727-165114-1.jpg,4,4,0.00073051453,0.0002001524,0.00047469139,0.00065612793,0.98583984,0.00029850006,0.00020778179,0.00051689148,0.011199951
20170727-165953-1.jpg,4,4,0.00029873848,0.0001373291,0.00044989586,0.00037765503,0.99365234,0.00017344952,0.00017404556,0.00027799606,0.0045394897
20180125-133857-3.jpg,8,8,0.00033140182,0.00039553642,0.00022733212,0.00025391579,0.00018429756,0.00013482571,0.00055599213,0.0013666153,0.99658203
20170714-140705-1.jpg,1,1,0.00064706802,0.92773438,0.00012743473,0.00022387505,7.4207783e-05,0.00020909309,0.00017523766,0.00050020218,0.07043457
20180109-075835-2.jpg,8,8,0.00011491776,0.00015556812,0.00016200542,0.00077629089,0.00036096573,7.379055e-05,0.00036525726,0.0009188652,0.99707031
20171025-095034-3.jpg,3,3,0.0010261536,0.00085163116,0.0029201508,0.93310547,0.027038574,0.00047183037,0.00049161911,0.00083112717,0.033233643
20171113-133500-1.jpg,6,6,0.00019538403,0.00036883354,0.00015163422,0.00012505054,0.00025868416,0.00016951561,0.99511719,0.00030112267,0.0030879974
20171218-121726-3.jpg,8,8,0.00016915798,5.6445599e-05,4.2140484e-05,0.00011104345,7.7843666e-05,0.00011706352,0.00011640787,0.00015592575,0.99902344
20171218-104614-3.jpg,8,8,0.00018024445,0.00016796589,8.1956387e-05,0.00022470951,6.4074993e-05,0.00020396709,0.00015032291,0.00024211407,0.99853516
20180109-090406-2.jpg,8,8,0.00021207333,8.5413456e-05,6.1571598e-05,0.00011825562,6.0498714e-05,7.1525574e-05,5.0127506e-05,0.00018668175,0.99902344
20170913-101025-1.jpg,3,3,0.0017976761,0.00062036514,0.00054168701,0.98925781,0.0010728836,0.0011558533,0.00034880638,0.00078344345,0.0044822693
20180109-085320-1.jpg,8,8,0.00018918514,0.00020778179,0.00010895729,0.00021266937,0.0001000762,0.00011217594,0.00027990341,0.0002822876,0.99853516
20180322-130336-1.jpg,8,8,0.00011253357,0.00020265579,9.4592571e-05,0.00023210049,0.00013875961,0.00011521578,9.2864037e-05,0.00019586086,0.99902344
20171108-123917-3.jpg,5,5,0.014823914,0.0068435669,0.00015842915,0.00033020973,0.00030303001,0.74462891,0.00030612946,0.0013771057,0.23120117
20171212-092815-1.jpg,8,8,0.00036263466,0.00046563148,0.00041747093,0.00039172173,0.00046825409,0.00034475327,0.00012791157,0.00048875809,0.99707031
20180112-083002-1.jpg,8,8,0.00014877319,0.00019097328,0.00010675192,0.00049638748,0.00014054775,0.00014364719,0.00015330315,0.00027775764,0.99853516
20171220-083345-3.jpg,8,8,0.00022685528,0.00015819073,8.1121922e-05,0.00014817715,0.00010842085,0.00034928322,7.2717667e-05,0.00022053719,0.99853516
20171219-105039-3.jpg,8,8,0.00039863586,0.00023257732,0.00012969971,0.00041699409,0.00013589859,0.00013589859,0.00011610985,0.00057411194,0.99804688
20171113-133118-3.jpg,6,6,0.00015485287,0.00024580956,0.00013518333,9.1969967e-05,0.00019347668,7.0750713e-05,0.99658203,0.00018787384,0.0022087097
20170727-155330-1.jpg,4,4,0.00033807755,0.00017213821,0.054840088,0.00030779839,0.9296875,0.00018084049,0.00019431114,0.00021100044,0.014282227
20171113-143335-3.jpg,6,6,0.00015997887,0.00033378601,0.00015342236,8.2135201e-05,0.0001989603,0.00011456013,0.99707031,0.00020956993,0.0016803741
20180322-133525-1.jpg,8,8,8.5175037e-05,9.1433525e-05,7.4267387e-05,0.00015723705,9.9599361e-05,7.2836876e-05,7.0631504e-05,0.00010383129,0.99902344
20170704-154226-0.jpg,8,8,0.0024299622,0.0020523071,0.0011606216,0.0026359558,0.00095367432,0.0010643005,0.00088453293,0.17614746,0.8125
20180105-103614-2.jpg,8,8,0.00039982796,0.00019955635,0.00054645538,0.00047492981,0.00060081482,0.00017571449,0.0010509491,0.00047159195,0.99609375
20171205-133832-2.jpg,8,8,0.00027894974,0.00034356117,9.8586082e-05,0.00016319752,0.0001052618,0.00054645538,8.9764595e-05,0.0002925396,0.99804688
20170727-115818-3.jpg,4,4,0.00029945374,0.00014722347,0.00087833405,0.00021064281,0.99267578,0.00020003319,0.00021052361,0.00031208992,0.0048217773
20180322-120027-2.jpg,8,8,0.00010704994,0.00010609627,5.0902367e-05,0.00011891127,6.1631203e-05,7.212162e-05,8.6665154e-05,0.00019943714,0.99902344
20180112-082052-1.jpg,8,8,0.0005698204,9.7572803e-05,7.8439713e-05,0.00040650368,8.0168247e-05,9.2089176e-05,9.8347664e-05,0.00028371811,0.99853516
20170906-134121-1.jpg,3,3,0.00065994263,0.00033521652,0.0018749237,0.99072266,0.00068569183,0.00030016899,0.00020933151,0.00091266632,0.0044631958
20180112-081620-1.jpg,8,8,0.00011956692,0.00012362003,8.0287457e-05,0.00030088425,9.5367432e-05,0.00011026859,8.7320805e-05,0.00023853779,0.99902344
20170217-101309-0.jpg,0,0,0.99267578,0.00055265427,0.00023663044,0.00050449371,0.00033521652,0.0003247261,0.0002913475,0.00095891953,0.0041313171
20171212-105238-3.jpg,8,8,0.00034856796,0.00021660328,0.00012767315,0.00011885166,8.5353851e-05,0.00013375282,7.9751015e-05,0.00017535686,0.99853516
20180109-070134-2.jpg,8,8,0.00011360645,0.00012350082,0.00041222572,0.00013959408,0.00016736984,8.1598759e-05,0.00050163269,0.00019919872,0.99804688
20171109-091542-3.jpg,5,5,0.00075531006,0.00056791306,0.0003349781,0.00039148331,0.00028395653,0.98388672,0.00046873093,0.00065279007,0.012680054
20170714-141955-3.jpg,1,1,0.0003721714,0.99462891,0.00018000603,0.00043487549,0.0001578331,0.00021839142,0.00024414062,0.00057935715,0.0031166077
20170217-120349-0.jpg,0,0,0.99560547,0.00017893314,0.00018572807,0.00023305416,0.00019609928,0.000202775,0.00021207333,0.00053071976,0.0028591156
20171109-072905-3.jpg,5,5,0.00043416023,0.00031709671,0.00016283989,0.00012046099,0.00013434887,0.98730469,0.00025939941,0.0015935898,0.0095825195
20170404-153733-0.jpg,7,7,0.00059318542,0.00078821182,0.00022757053,0.00033330917,0.00013172626,0.00030183792,0.00031042099,0.99121094,0.0063400269
20171203-173549-3.jpg,8,8,0.00015294552,0.00047802925,8.5532665e-05,0.00013971329,9.9599361e-05,0.00014197826,0.0002477169,0.00018954277,0.99853516
20180109-095534-1.jpg,8,8,0.00013101101,8.7678432e-05,6.4313412e-05,0.00017333031,8.7678432e-05,6.2584877e-05,9.6797943e-05,0.00028944016,0.99902344
20180109-074021-2.jpg,8,8,0.00049972534,0.012489319,0.00015509129,0.00018525124,0.00010573864,0.00010931492,0.0035476685,0.00031924248,0.98242188
20180109-091218-2.jpg,8,8,0.000243783,0.00048065186,0.00011211634,0.00043010712,8.8870525e-05,0.00016033649,0.00010228157,0.00046062469,0.99804688
20180112-081026-2.jpg,8,8,0.00012385845,0.00016617775,0.0001347065,0.00058937073,0.00012862682,0.00012105703,0.00010925531,0.00023198128,0.99853516
20171220-091833-2.jpg,8,8,0.00061416626,0.00017726421,0.0001308918,0.00012409687,9.1731548e-05,0.00027132034,8.1896782e-05,0.00039148331,0.99804688
20170727-135349-1.jpg,4,4,0.0002887249,0.00014305115,0.00034403801,0.00027704239,0.99316406,0.00015163422,0.00015497208,0.00025272369,0.0050086975
20171109-071926-1.jpg,5,5,0.00028729439,0.0003888607,0.00030064583,0.00022184849,0.00028538704,0.99462891,0.0001604557,0.00039243698,0.0033245087
20170920-113512-2.jpg,2,2,0.0003619194,0.00031995773,0.99316406,0.00039029121,0.0013399124,0.00023972988,0.00028038025,0.00041651726,0.0035495758
20171220-093220-3.jpg,8,8,0.00026607513,0.00012660027,7.1465969e-05,0.000197649,7.2240829e-05,0.0001270771,7.7724457e-05,0.00020849705,0.99902344
20171218-110513-2.jpg,8,8,0.00019705296,0.00013065338,0.00016975403,0.00023162365,0.00012767315,0.00022244453,7.6234341e-05,0.00031709671,0.99853516
20170728-124147-3.jpg,4,4,0.0017166138,0.00016820431,0.00053024292,0.0005106926,0.98730469,0.000238657,0.00020492077,0.00037693977,0.0087356567
20170920-113424-3.jpg,2,2,0.00020861626,0.00019156933,0.99462891,0.00035333633,0.0010948181,0.00015854836,0.00022912025,0.00029945374,0.0029621124
20171109-194758-1.jpg,5,5,0.00022530556,0.00037884712,0.00027394295,0.00024533272,0.00020778179,0.99560547,0.00014209747,0.00042676926,0.00233078
20170727-163144-1.jpg,4,4,0.00036883354,0.00017333031,0.00055360794,0.00043869019,0.9921875,0.00024819374,0.00023007393,0.00040578842,0.0054893494
20180105-094850-3.jpg,8,8,0.00012069941,9.5844269e-05,0.0001205802,8.7797642e-05,0.00014173985,0.00013053417,0.0019340515,0.00017905235,0.99707031
20180105-092256-3.jpg,8,8,0.00010460615,7.7962875e-05,7.2896481e-05,0.00012397766,7.6055527e-05,9.816885e-05,0.00024211407,0.00018298626,0.99902344
20170811-155131-2.jpg,0,0,0.99267578,0.00029420853,0.00021493435,0.00019669533,0.00023698807,0.0017061234,0.00022399426,0.0007185936,0.0038223267
20180125-091540-2.jpg,8,8,6.6995621e-05,5.9068203e-05,4.9471855e-05,8.7976456e-05,7.0214272e-05,5.2452087e-05,8.6963177e-05,9.1731548e-05,0.99951172
20170714-113721-2.jpg,1,1,0.00025939941,0.99658203,9.9897385e-05,0.00014901161,0.00012147427,0.00011354685,0.00010836124,0.00019299984,0.0022106171
20180112-102905-1.jpg,8,8,0.00012791157,0.00012540817,6.1631203e-05,7.8082085e-05,5.6684017e-05,7.3373318e-05,0.00027680397,0.00019419193,0.99902344
20171109-090628-2.jpg,5,5,0.00020754337,0.00030303001,0.00020003319,0.00019085407,0.0001732111,0.99658203,0.00019216537,0.00028467178,0.0020942688
20170217-104135-0.jpg,0,0,0.97851562,0.00028276443,0.00022387505,0.00016796589,0.00021958351,0.00066232681,0.00026369095,0.00077342987,0.018814087
20171113-144236-2.jpg,6,6,0.00016176701,0.00025510788,0.00020289421,8.046627e-05,0.00020599365,8.3744526e-05,0.99609375,0.00018489361,0.0025405884
20170630-155611-0.jpg,7,7,0.00067186356,0.00052690506,0.00018250942,0.00034570694,0.00014841557,0.00029921532,0.0002117157,0.99365234,0.0037384033
20180109-103907-2.jpg,8,8,0.00016081333,0.00012135506,0.00010514259,0.00017261505,0.00011694431,8.6665154e-05,7.8439713e-05,0.00035643578,0.99902344
20171109-175424-2.jpg,5,1,0.0025558472,0.91064453,0.00026345253,0.0010108948,0.00025033951,0.013244629,0.02003479,0.0042037964,0.047698975
20170718-132014-2.jpg,7,7,0.0017461777,0.0015764236,0.00030112267,0.00058174133,0.00023889542,0.00047564507,0.0002720356,0.98974609,0.0051116943
20171109-085248-2.jpg,5,5,0.00031208992,0.00023698807,0.00011229515,0.00025081635,7.5697899e-05,0.99365234,5.5909157e-05,0.00020396709,0.0051422119
20171219-110229-2.jpg,8,8,0.0013217926,0.00021648407,9.3817711e-05,0.00027346611,5.9068203e-05,0.00017142296,7.8380108e-05,0.0002644062,0.99755859
20180322-105156-1.jpg,8,8,9.3102455e-05,8.4578991e-05,5.1617622e-05,0.0001193881,6.9260597e-05,8.4042549e-05,5.9902668e-05,0.00017035007,0.99951172
20171025-081611-2.jpg,3,3,0.00033378601,0.00032496452,0.00024044514,0.98193359,0.0003118515,0.00030779839,0.00016689301,0.00047039986,0.016113281
20171025-075925-1.jpg,3,3,0.00079870224,0.0007276535,0.00046873093,0.98681641,0.00081062317,0.00049829483,0.00040173531,0.00077152252,0.0085449219
20170410-124438-0.jpg,0,0,0.9921875,0.00030660629,0.00040626526,0.00048971176,0.00048232079,0.0004222393,0.0003247261,0.00086021423,0.0046539307
20171025-074215-3.jpg,3,3,0.00046110153,0.00069618225,0.00051307678,0.9921875,0.00080919266,0.00047445297,0.00028038025,0.00047540665,0.0041389465
20180109-075438-2.jpg,8,8,0.00011622906,9.8049641e-05,0.00016033649,0.00010472536,0.00010985136,9.560585e-05,0.00026607513,0.00028133392,0.99853516
20170920-134406-2.jpg,2,2,0.00041818619,0.00023639202,0.99169922,0.00055503845,0.0007982254,0.00016903877,0.0001527071,0.00069999695,0.005241394
20180322-112907-1.jpg,8,8,9.8705292e-05,7.5817108e-05,6.3836575e-05,8.3863735e-05,5.5551529e-05,0.00010871887,5.1319599e-05,0.00014412403,0.99951172
20180322-130759-1.jpg,8,8,0.00010186434,6.955862e-05,5.6385994e-05,0.00012362003,8.0823898e-05,6.4909458e-05,5.8114529e-05,0.00014364719,0.99951172
20170913-103551-1.jpg,3,3,0.00029373169,0.00029563904,0.00033450127,0.99316406,0.00092077255,0.00038671494,0.00015902519,0.00037264824,0.0041656494
20171121-072546-1.jpg,6,6,0.0001680851,0.00018942356,8.9228153e-05,4.9889088e-05,0.00011771917,5.030632e-05,0.99267578,0.00015854836,0.0063476562
20170217-102546-0.jpg,0,0,0.99511719,0.00022614002,0.00022280216,0.00022828579,0.00022375584,0.00025224686,0.00022518635,0.00084877014,0.0025920868
20171025-092626-2.jpg,3,3,0.00060987473,0.00047039986,0.00055599213,0.99169922,0.00098323822,0.00045371056,0.00033974648,0.00073957443,0.0043487549
20171219-100808-2.jpg,8,8,0.00023055077,0.000415802,8.7380409e-05,0.00012624264,7.9154968e-05,0.00010001659,7.4446201e-05,0.0002644062,0.99853516
20170913-125708-3.jpg,5,5,0.0012512207,0.00045490265,0.00033926964,0.00015723705,0.00045490265,0.97705078,0.00014805794,0.00014150143,0.020004272
20171219-112256-3.jpg,8,8,0.00024139881,0.00012397766,0.00068807602,0.0001322031,0.0002989769,8.1241131e-05,0.00010794401,0.00036597252,0.99804688
20170920-113554-3.jpg,2,2,0.00018548965,0.00020122528,0.99560547,0.00029873848,0.0007519722,0.00013995171,0.0001937151,0.00025773048,0.0023365021
20170128-103951-0.jpg,8,8,0.00024092197,0.00023651123,0.00011336803,0.00043201447,9.6142292e-05,0.00011515617,8.1896782e-05,0.00044727325,0.99804688
20171102-093704-3.jpg,4,4,0.0052452087,0.00019443035,0.00038290024,0.00043559074,0.96484375,0.00018262863,0.00012278557,0.00039339066,0.02835083
20170811-115202-1.jpg,0,0,0.99560547,0.00019359589,0.00019919872,0.00029778481,0.00025701523,0.00024151802,0.00017559528,0.00049161911,0.0027256012
20170727-144130-1.jpg,4,4,0.00072717667,0.00020337105,0.0014648438,0.00060272217,0.96289062,0.0002822876,0.00032901764,0.00055932999,0.032897949
20180112-074852-2.jpg,8,8,0.00050258636,0.00012743473,0.00014078617,0.00051689148,0.0083084106,0.00027251244,0.00015807152,0.00034856796,0.98974609
20180105-095705-2.jpg,8,8,0.00011146069,6.5922737e-05,0.00010091066,9.0897083e-05,9.6559525e-05,8.4877014e-05,0.00023388863,0.00021791458,0.99902344
20170727-143900-3.jpg,4,4,0.00038552284,0.0001411438,0.00070810318,0.00045871735,0.99365234,0.00023090839,0.00019180775,0.00033116341,0.0037345886
20180105-092814-2.jpg,8,8,0.00014066696,0.00022220612,0.00019860268,0.00011688471,0.00014400482,0.00018489361,0.029220581,0.00031399727,0.96923828
20170913-125052-3.jpg,5,5,0.00045013428,0.0002822876,0.0003695488,0.00062084198,0.00051593781,0.99121094,0.0004324913,0.00067615509,0.0053863525
20180112-091123-2.jpg,8,8,0.00012528896,8.1837177e-05,9.3698502e-05,0.00012660027,0.00011086464,8.5234642e-05,5.7339668e-05,0.00014972687,0.99902344
20180119-115419-1.jpg,8,8,9.6380711e-05,9.0360641e-05,0.00010311604,7.7009201e-05,5.9723854e-05,7.3194504e-05,0.00022792816,0.00023150444,0.99902344
20180112-075941-2.jpg,8,8,0.00032806396,0.00015544891,9.7811222e-05,0.00023770332,8.648634e-05,9.0301037e-05,7.724762e-05,0.027557373,0.97119141
20170714-141510-3.jpg,1,1,0.00034546852,0.99560547,0.00018823147,0.00037455559,0.00018620491,0.00018393993,0.00039362907,0.00056886673,0.0022602081
20180119-110943-1.jpg,8,8,0.00034213066,0.0048828125,9.8884106e-05,0.00011223555,0.00012505054,0.0001642704,0.00065135956,0.00036215782,0.99316406
20171109-085627-2.jpg,5,5,0.00035119057,0.00075006485,0.00023436546,0.00025844574,0.0002310276,0.96826172,0.00019264221,0.0003182888,0.029525757
20171201-115856-1.jpg,8,8,0.00012099743,0.0001796484,9.9420547e-05,0.00021994114,9.304285e-05,0.00037765503,0.00010865927,0.00017654896,0.99853516
20170217-095711-0.jpg,7,7,0.00035095215,0.00023508072,0.00010275841,0.00023376942,7.7843666e-05,0.00018715858,0.0001347065,0.99462891,0.0040512085
20180105-094335-3.jpg,8,8,8.6784363e-05,0.00014078617,0.00017523766,8.9943409e-05,8.6843967e-05,9.7930431e-05,0.0008058548,0.00016200542,0.99853516
20170728-124629-3.jpg,4,4,0.0005903244,0.00022041798,0.00053882599,0.00048041344,0.9921875,0.00024282932,0.00017499924,0.00034070015,0.005317688
20171113-123943-3.jpg,6,6,0.00018191338,0.00024580956,0.00058460236,0.00010478497,0.00033187866,0.00012040138,0.99267578,0.0002322197,0.0054016113
20171025-081108-3.jpg,3,3,0.0005402565,0.00068807602,0.00030899048,0.99169922,0.00076532364,0.00028133392,0.00021588802,0.00054073334,0.004776001
20180125-131604-3.jpg,8,8,0.00025749207,0.00027537346,0.00013208389,0.00014781952,0.0001090169,0.00010865927,0.000213027,0.00079965591,0.99804688
20170714-150337-1.jpg,1,1,0.00037145615,0.99316406,0.00014710426,0.00024008751,0.00013434887,0.00021135807,0.00033283234,0.00061130524,0.0045547485
20170715-125342-1.jpg,1,1,0.00032663345,0.99511719,0.00018572807,0.00038194656,0.00017404556,0.00021958351,0.00023806095,0.00044560432,0.0030078888
20170727-170748-3.jpg,4,4,0.0003554821,0.00016736984,0.0027046204,0.00049591064,0.97509766,0.00019264221,0.000243783,0.00031089783,0.020553589
20171102-120842-2.jpg,2,2,0.00021612644,0.00023043156,0.99462891,0.00031590462,0.00092029572,0.00021505356,0.00025486946,0.00025653839,0.0029220581
20180112-083254-1.jpg,8,8,0.00015878677,0.0001899004,0.00013232231,0.00045514107,0.00014019012,0.00014269352,0.00013434887,0.00031423569,0.99853516
20170714-141443-3.jpg,1,1,0.00027084351,0.99365234,0.0002156496,0.0003619194,0.00026202202,0.00022387505,0.00027990341,0.00057220459,0.0039825439
20180105-091702-2.jpg,8,8,7.301569e-05,5.9962273e-05,7.0631504e-05,8.9168549e-05,5.8233738e-05,7.6591969e-05,0.00016772747,0.0001680851,0.99902344
20170129-103822-0.jpg,8,8,0.00013124943,0.00055265427,0.00014138222,0.00025987625,8.9883804e-05,0.00016260147,6.9916248e-05,8.8989735e-05,0.99853516
20170920-132003-2.jpg,2,2,0.00048065186,0.00030040741,0.9921875,0.00027227402,0.00059080124,0.00027060509,0.00017750263,0.0004529953,0.005065918
20180322-112013-2.jpg,8,8,0.00031256676,0.0001488924,0.00019824505,0.00032496452,0.00018894672,0.00016379356,0.00013184547,0.00038266182,0.99804688
20180125-132919-3.jpg,8,8,0.00065660477,0.00026965141,0.00012338161,0.00011998415,0.00013625622,8.0287457e-05,0.00011962652,0.00044131279,0.99804688
20180119-105217-2.jpg,8,8,0.0016126633,0.032623291,0.00025701523,0.00024437904,0.00047373772,0.00056409836,0.00081777573,0.0039634705,0.95947266
20171212-103650-3.jpg,8,8,0.00079727173,0.00022792816,6.7472458e-05,7.9512596e-05,7.0869923e-05,0.00011515617,7.8737736e-05,0.00035762787,0.99804688
20180109-072236-2.jpg,8,8,6.9797039e-05,6.4432621e-05,6.5684319e-05,7.0750713e-05,5.698204e-05,6.7412853e-05,0.00036549568,0.00015282631,0.99902344
20171220-094919-2.jpg,8,8,0.00055027008,0.00025320053,0.0001449585,0.00036025047,9.5844269e-05,0.00017035007,0.00038743019,0.0011138916,0.99707031
20170630-151310-0.jpg,7,7,0.0013122559,0.00079965591,0.00041151047,0.00098991394,0.00028729439,0.00039148331,0.00022745132,0.98486328,0.010757446
20170128-103914-0.jpg,8,8,0.00030970573,0.00068902969,9.6797943e-05,0.00041794777,0.00012433529,0.00014472008,0.00011408329,0.00052165985,0.99755859
20180125-134115-2.jpg,8,8,0.00010591745,6.0319901e-05,6.1690807e-05,0.00010436773,5.7756901e-05,6.8604946e-05,5.0723553e-05,0.00012230873,0.99951172
20180125-093121-1.jpg,8,8,7.4625015e-05,9.6619129e-05,6.4373016e-05,0.00011837482,8.1896782e-05,5.9247017e-05,8.3267689e-05,0.00011503696,0.99951172
20180109-104222-1.jpg,8,8,0.00010859966,6.7770481e-05,8.6069107e-05,8.4936619e-05,9.4175339e-05,5.7280064e-05,9.7811222e-05,0.00025582314,0.99902344
20180119-115158-1.jpg,8,8,0.00061511993,0.0013685226,0.00021338463,0.00068902969,0.00020802021,0.00025892258,0.0011825562,0.0023422241,0.99316406
20171121-082329-2.jpg,6,6,0.00019228458,0.00039291382,0.00017356873,0.00011336803,0.00017726421,0.00013852119,0.99511719,0.00022852421,0.0032978058
20180109-071148-2.jpg,8,8,0.00099563599,0.0026264191,0.00084495544,0.00042915344,0.00067520142,0.0005607605,0.055206299,0.001086235,0.9375
20180322-113610-2.jpg,8,8,0.00016224384,0.00014638901,8.0525875e-05,0.00014519691,9.1195107e-05,7.6591969e-05,0.00012230873,0.00024700165,0.99902344
20170715-164251-1.jpg,1,1,0.00058555603,0.99365234,0.00016593933,0.00041770935,0.00015759468,0.00029277802,0.00024414062,0.00068616867,0.0037631989
20170711-120751-0.jpg,0,0,0.99121094,0.00052547455,0.00032281876,0.0004556179,0.00048971176,0.00028705597,0.00023138523,0.00058698654,0.0060920715
20180112-070035-2.jpg,8,8,0.00011068583,0.00026416779,7.1108341e-05,0.001115799,0.00030994415,8.7499619e-05,6.1690807e-05,0.00012898445,0.99804688
20171212-095947-3.jpg,8,8,0.00017702579,0.00024008751,0.00015771389,0.00018501282,0.00012201071,0.00019884109,0.00020611286,0.00028324127,0.99853516
20170630-150701-0.jpg,7,7,0.00085449219,0.00088024139,0.00027513504,0.00041055679,0.00021421909,0.00033283234,0.0004131794,0.99169922,0.0047569275
20171218-112959-3.jpg,8,0,0.78613281,0.090759277,0.00049161911,0.00048875809,0.00017845631,0.029647827,0.0010433197,0.0096206665,0.081604004
20171219-113011-3.jpg,8,8,0.00014805794,0.00011307001,0.00035309792,0.00015199184,0.00015044212,8.7022781e-05,0.00027608871,0.00021183491,0.99853516
20170714-145835-1.jpg,1,1,0.00039052963,0.99365234,0.00017845631,0.00038361549,0.00021588802,0.00033998489,0.00038433075,0.00068616867,0.0038070679
20180112-103908-2.jpg,8,8,0.00012993813,0.00011348724,0.00012552738,0.00011950731,7.1167946e-05,7.2956085e-05,6.711483e-05,0.00021934509,0.99902344
20171122-101153-1.jpg,5,5,0.00029420853,0.00035452843,0.00020313263,0.00021755695,0.00018584728,0.99462891,0.00015759468,0.00031161308,0.0037231445
20171113-121009-2.jpg,6,6,0.00071668625,0.0010375977,0.00083208084,0.00039386749,0.0010004044,0.00050067902,0.98486328,0.0010156631,0.0095367432
20170630-155234-0.jpg,7,7,0.0011138916,0.00060415268,0.00020182133,0.00035071373,0.00012457371,0.0002553463,0.00014817715,0.99169922,0.0053596497
20170729-091120-1.jpg,4,4,0.00030994415,0.00017142296,0.00048303604,0.000446558,0.99316406,0.00020265579,0.00019490719,0.00030255318,0.0045204163
20171113-151323-3.jpg,6,6,0.00018656254,0.00022733212,0.00026726723,0.00012528896,0.00032162666,0.00014209747,0.99365234,0.00026798248,0.0048179626
20170129-102354-0.jpg,8,8,0.0009303093,0.016326904,0.00025987625,0.00074005127,0.00017380714,0.00030684471,0.0003015995,0.0012836456,0.97949219
20180112-100712-2.jpg,8,8,0.0001360178,0.00018215179,0.00050544739,0.00013625622,0.00025486946,0.00055646896,0.00034356117,0.00029802322,0.99755859
20170714-112945-2.jpg,1,1,0.00028681755,0.99560547,0.00012010336,0.00028538704,0.00012683868,0.0001963377,0.00021064281,0.00039792061,0.0028400421
20171218-121417-2.jpg,8,8,0.00018429756,0.00033640862,8.5532665e-05,0.00013709068,6.622076e-05,0.000223279,8.7738037e-05,0.00025439262,0.99853516
20170920-101830-3.jpg,2,2,0.00027227402,0.000248909,0.99169922,0.00027871132,0.00086116791,0.00016355515,0.00021588802,0.0002784729,0.0058860779
20171109-093307-3.jpg,5,5,0.00061178207,0.00052213669,0.00018644333,0.00037002563,0.00025653839,0.99267578,0.00029945374,0.00045967102,0.0043945312
20171212-103436-3.jpg,8,8,0.00028562546,0.00021839142,0.00017511845,0.00030684471,0.00011813641,0.00011974573,7.8618526e-05,0.00033164024,0.99853516
20171025-092722-1.jpg,3,3,0.00088071823,0.00059270859,0.0006313324,0.98876953,0.00081729889,0.00055646896,0.00041079521,0.0008430481,0.0062904358
20170217-121630-0.jpg,0,8,0.11578369,0.0004825592,0.0006608963,0.00016868114,0.0014677048,0.00050354004,0.00058555603,0.0010967255,0.87939453
20180112-073129-1.jpg,8,8,0.00016617775,0.0002092123,8.4877014e-05,0.00023889542,0.00010615587,0.00011909008,0.00012129545,0.00036430359,0.99853516
20180109-074011-2.jpg,8,8,0.00023770332,0.00013589859,0.00019931793,0.00025343895,0.00022983551,0.0001154542,0.00038266182,0.0003926754,0.99804688
20170728-115909-2.jpg,4,4,0.00044536591,0.00024533272,0.0010566711,0.00068664551,0.99267578,0.00033426285,0.00030636787,0.00051736832,0.0039176941
20180109-104628-1.jpg,8,8,0.00015950203,0.00010460615,0.00012683868,0.00015723705,0.00012791157,6.2227249e-05,6.7412853e-05,0.00032353401,0.99902344
20180322-133358-1.jpg,8,8,7.6115131e-05,5.8889389e-05,5.5372715e-05,0.00012338161,6.9916248e-05,8.225441e-05,5.8710575e-05,0.00011527538,0.99951172
20180125-094451-2.jpg,8,8,0.0001142621,0.00010669231,6.788969e-05,0.00012481213,7.2002411e-05,5.4240227e-05,7.1585178e-05,0.00015759468,0.99902344
20180112-074526-2.jpg,8,8,0.00019311905,0.00017106533,6.4909458e-05,0.00054740906,8.2969666e-05,0.00012230873,6.54459e-05,0.00024187565,0.99853516
20171113-142730-3.jpg,6,6,0.00019752979,0.00026059151,0.00020039082,0.00016593933,0.0003080368,0.00017380714,0.99365234,0.0002682209,0.0046730042
20170129-102342-0.jpg,8,8,0.00027966499,0.00029444695,0.00032758713,0.0005030632,0.00016188622,0.00016236305,9.6857548e-05,0.00035381317,0.99804688
20171113-115546-0.jpg,6,6,0.00015747547,0.00027346611,0.00024414062,9.9480152e-05,0.00033640862,0.00013554096,0.99609375,0.00021243095,0.0024662018
20170129-103005-0.jpg,8,8,0.0001758337,0.00018906593,0.00016701221,0.00021481514,0.00013136864,0.00018751621,0.00012362003,0.00015342236,0.99853516
20171219-101900-3.jpg,8,8,0.00061702728,0.0040550232,0.00016272068,0.00030636787,0.00011903048,0.000426054,0.00037932396,0.00073337555,0.99316406
20170906-112157-1.jpg,3,3,0.0041351318,0.0012378693,0.00049257278,0.53564453,0.00099849701,0.00028657913,0.00025701523,0.0021514893,0.45458984
20171220-093020-3.jpg,8,8,0.00039458275,0.00028586388,0.00045776367,0.001162529,0.0011663437,0.00024402142,0.0004196167,0.00060033798,0.99511719
20180119-115145-1.jpg,8,8,0.00014352798,0.00013744831,0.00013756752,0.00017380714,0.0001244545,9.7870827e-05,0.00017273426,0.0003349781,0.99853516
20170714-190106-1.jpg,1,1,0.00039458275,0.99511719,0.00017297268,0.0003118515,0.00014734268,0.00018870831,0.00023949146,0.00059843063,0.0029010773
20171102-122536-1.jpg,2,2,0.00032567978,0.00023591518,0.99365234,0.00025463104,0.00080060959,0.00020682812,0.00016152859,0.0002925396,0.0039482117
20180119-105113-1.jpg,8,8,0.00045633316,0.0020942688,0.00019323826,0.0002617836,0.00049543381,0.00031971931,0.00068950653,0.0003387928,0.99511719
20180105-100245-3.jpg,8,8,7.7843666e-05,5.6684017e-05,9.4413757e-05,8.3148479e-05,7.212162e-05,7.6711178e-05,0.00043749809,0.00011765957,0.99902344
20180109-091932-1.jpg,8,8,0.00041723251,0.0002412796,0.00011360645,0.00031590462,0.00015902519,0.00011813641,0.00033259392,0.00087928772,0.99755859
20170707-110305-0.jpg,7,7,0.0076255798,0.0013036728,0.00019657612,0.00048804283,0.00030779839,0.00040411949,0.00015246868,0.98339844,0.0060882568
20171219-113752-2.jpg,8,8,0.00021958351,0.00016856194,0.00033736229,0.00019681454,0.00035095215,0.00010997057,0.00036668777,0.00017905235,0.99804688
20180125-094949-1.jpg,8,8,0.00010317564,0.00010460615,0.0001308918,0.00019812584,0.00018036366,0.00012719631,0.00024557114,0.00017702579,0.99853516
20171212-103113-3.jpg,8,8,0.0007481575,0.00030255318,0.00014674664,0.00011515617,0.00010597706,0.00014269352,0.0001168251,0.000223279,0.99804688
20170705-162324-0.jpg,7,7,0.0011968613,0.0006403923,0.00021445751,0.00062227249,0.00015079975,0.00036406517,0.00021445751,0.98925781,0.0073432922
20180112-094300-2.jpg,8,8,0.00043153763,8.3744526e-05,3.8325787e-05,0.00020682812,7.2658062e-05,4.6670437e-05,4.6432018e-05,0.00033783913,0.99853516
20170920-175053-1.jpg,4,4,0.0028781891,0.00088024139,0.00033831596,0.0012254715,0.66796875,0.00025343895,0.00029563904,0.00079345703,0.32543945
20171220-095043-2.jpg,8,8,0.0003221035,0.00023090839,0.00021970272,0.00047111511,0.00017106533,0.00039792061,0.00023114681,0.00049209595,0.99755859
20170920-114127-2.jpg,2,2,0.00041079521,0.00039219856,0.98876953,0.00053167343,0.0031776428,0.00024580956,0.00040364265,0.0005607605,0.0056190491
20171108-124659-3.jpg,5,5,0.00026631355,0.00015759468,0.00019454956,0.0001155138,0.00016307831,0.99609375,0.00011074543,0.0002951622,0.0025520325
20180125-095523-1.jpg,8,8,6.7472458e-05,5.1558018e-05,6.1750412e-05,7.2062016e-05,7.0691109e-05,8.2015991e-05,8.3625317e-05,9.9658966e-05,0.99951172
20180109-085716-1.jpg,8,8,0.00021350384,0.00031447411,7.8499317e-05,0.00020301342,6.5863132e-05,9.3221664e-05,0.00012683868,0.00033140182,0.99853516
20180322-113840-2.jpg,8,8,6.8426132e-05,7.1227551e-05,6.4253807e-05,0.00011265278,6.7055225e-05,6.4849854e-05,6.3300133e-05,0.00011837482,0.99951172
20170704-154139-0.jpg,0,7,0.0012578964,0.00056219101,0.00026798248,0.0029029846,0.0001847744,0.00021541119,0.00022315979,0.98779297,0.006439209
20170727-162222-1.jpg,4,4,0.00047421455,0.00021886826,0.00047373772,0.000685215,0.98876953,0.00028181076,0.00029182434,0.0004556179,0.00831604
20171113-144143-2.jpg,6,6,0.00013327599,0.00025057793,0.00017809868,8.5294247e-05,0.00022065639,0.00012540817,0.99707031,0.00018870831,0.0018205643
20170405-155159-0.jpg,0,0,0.98681641,0.00028371811,0.00017511845,0.00018107891,0.00024533272,0.00031781197,0.00025391579,0.0012388229,0.010414124
20170705-170108-0.jpg,7,8,0.0024833679,0.0045204163,0.000218153,0.0026168823,0.0024528503,0.00023686886,0.00048494339,0.37353516,0.61328125
20171102-115412-2.jpg,2,8,0.0074882507,0.00081157684,0.13708496,0.00012397766,0.0036201477,0.00053310394,9.9241734e-05,0.00097417831,0.84912109
20180125-101111-2.jpg,8,8,5.6385994e-05,4.1663647e-05,4.9471855e-05,9.0360641e-05,3.9696693e-05,4.9233437e-05,5.7280064e-05,7.7724457e-05,0.99951172
20170714-122619-3.jpg,1,1,0.00051355362,0.99511719,0.00021076202,0.00030755997,0.00018239021,0.00019490719,0.00025844574,0.00055027008,0.0026836395
20180125-125955-2.jpg,8,8,7.3075294e-05,7.0869923e-05,7.4028969e-05,9.3638897e-05,6.4909458e-05,5.453825e-05,9.5665455e-05,0.0001103282,0.99951172
20171113-133039-1.jpg,6,6,0.00016951561,0.00028634071,0.00022649765,0.0001013875,0.00030636787,0.00012242794,0.99609375,0.00022435188,0.0024490356
20180125-131201-2.jpg,8,8,0.00053119659,0.0064506531,0.00011527538,0.00020003319,0.00010788441,0.00012201071,0.00030684471,0.0015077591,0.99072266
20161207-110822-0.jpg,0,0,0.99316406,0.000248909,0.00036072731,0.00034475327,0.00048732758,0.0003015995,0.00027322769,0.00060987473,0.0040130615
20171102-103932-1.jpg,2,2,0.00034022331,0.00020205975,0.99316406,0.00020647049,0.00055217743,0.00022983551,0.00014078617,0.0003092289,0.0049705505
20170130-102100-0.jpg,1,1,0.0012655258,0.99072266,0.00015306473,0.00037121773,0.00019466877,0.00044155121,0.0001860857,0.0045166016,0.0020160675
20170210-131340-0.jpg,7,7,0.0011415482,0.00041294098,0.00018417835,0.0003387928,0.00014913082,0.0004503727,0.00031709671,0.99414062,0.0027389526
20171102-123220-3.jpg,2,2,0.00020802021,0.0002310276,0.99414062,0.00014674664,0.00048494339,0.00016367435,0.00018668175,0.00023150444,0.0042495728
20170217-112250-0.jpg,0,0,0.99316406,0.00040626526,0.00018966198,0.00017869473,0.00017929077,0.00037693977,0.00013923645,0.0021629333,0.0030059814
20171113-140705-2.jpg,6,6,0.0002156496,0.00077629089,0.00017154217,0.00010800362,0.00024366379,0.0001295805,0.99365234,0.00060892105,0.0041923523
20170727-120851-3.jpg,4,4,0.00036072731,0.00015830994,0.0004863739,0.00043535233,0.9921875,0.00018870831,0.00017857552,0.00034141541,0.0054931641
20170210-132343-0.jpg,0,0,0.91601562,0.008102417,0.00028300285,0.00017607212,0.00025820732,0.00061416626,0.00025677681,0.00065851212,0.073852539
20180125-134135-2.jpg,8,8,9.8407269e-05,8.2075596e-05,5.8054924e-05,0.00013375282,6.9081783e-05,6.7830086e-05,6.4194202e-05,0.00015509129,0.99951172
20171220-091744-2.jpg,8,8,0.0005607605,0.00038814545,0.00023341179,0.0006814003,0.00011199713,0.25683594,0.0002361536,0.0003657341,0.74072266
20171109-070713-3.jpg,5,5,0.00028991699,9.3519688e-05,7.1525574e-05,6.1392784e-05,6.7412853e-05,0.99121094,4.8279762e-05,0.00016379356,0.0081939697
20180105-101840-2.jpg,8,8,8.8989735e-05,8.7797642e-05,9.894371e-05,9.9360943e-05,6.9916248e-05,6.2167645e-05,0.00016617775,0.00028204918,0.99902344
20170410-123909-0.jpg,0,0,0.96484375,0.0076675415,0.00067901611,0.00077867508,0.0010223389,0.0012140274,0.00075340271,0.0089797974,0.014129639
20171203-165142-3.jpg,8,8,0.00065040588,0.0057487488,0.00023043156,0.00026035309,0.00026941299,0.00029397011,0.00034427643,0.00051164627,0.99169922
20180112-071514-2.jpg,8,8,0.00018036366,0.00013184547,0.00013709068,0.00037884712,0.00032806396,0.00017440319,0.00012290478,0.00016796589,0.99853516
20161207-144425-0.jpg,7,7,0.0013570786,0.00072479248,0.00012069941,0.041656494,9.2327595e-05,8.8453293e-05,7.8678131e-05,0.92773438,0.028182983
20171109-091003-3.jpg,5,5,0.0048713684,0.0032577515,0.00056743622,0.0026283264,0.0012235641,0.90332031,0.0076293945,0.0044059753,0.071899414
20180112-073533-1.jpg,8,8,0.0001052022,0.00016582012,9.8288059e-05,0.00028276443,0.00010502338,0.00014925003,0.0001283884,0.00022506714,0.99853516
20170727-162650-1.jpg,4,4,0.00039362907,0.0001796484,0.00038719177,0.0002849102,0.99169922,0.00021111965,0.0001912117,0.00037813187,0.0061264038
20180109-085554-1.jpg,8,8,0.0019054413,0.00049257278,0.00019049644,0.002155304,0.00022101402,0.00014436245,0.00040221214,0.041534424,0.953125
20171218-110814-2.jpg,8,8,0.00022029877,0.00020456314,0.00017666817,0.00021779537,9.3221664e-05,0.00013995171,0.00015068054,0.00021064281,0.99853516
20180322-114415-2.jpg,8,8,0.00011271238,8.9585781e-05,6.8485737e-05,0.00014328957,8.2373619e-05,8.4638596e-05,7.5101852e-05,0.00017094612,0.99902344
20170920-114717-3.jpg,2,2,0.00015509129,0.0001322031,0.99560547,0.00023496151,0.00046777725,0.00014030933,0.00014638901,0.00016844273,0.0027160645
20171219-112750-3.jpg,8,8,0.022003174,0.0011787415,0.0010128021,0.00027632713,0.0014352798,0.00028300285,0.00028920174,0.00076675415,0.97265625
20170727-152727-1.jpg,4,4,0.00036525726,0.00015246868,0.00042533875,0.00042390823,0.99121094,0.00021362305,0.00019967556,0.00033926964,0.0068092346
20170405-155749-0.jpg,0,0,0.94335938,0.00053787231,0.00025773048,0.00030851364,0.00031328201,0.00027823448,0.00043153763,0.021392822,0.033355713
20170127-101726-0.jpg,1,1,0.00021779537,0.99560547,0.00011318922,0.00032949448,9.3817711e-05,0.00018143654,0.00017118454,0.0002784729,0.0030899048
20171113-121527-3.jpg,6,6,0.00016784668,0.00028538704,0.00018131733,0.00013017654,0.00022780895,0.00011467934,0.99609375,0.00026345253,0.0027484894
20170920-095635-2.jpg,2,2,0.00020611286,0.00026798248,0.99462891,0.00015056133,0.00059700012,0.00013911724,0.00028824806,0.00023722649,0.0036964417
20171113-133758-3.jpg,6,6,0.00018763542,0.00021493435,0.00013506413,5.3703785e-05,0.00014066696,5.4001808e-05,0.99560547,0.00014925003,0.0033302307
20180322-112348-2.jpg,8,8,0.00010275841,7.8678131e-05,5.453825e-05,0.00012552738,0.0001091361,5.954504e-05,7.4803829e-05,0.00013720989,0.99902344
20170727-114558-3.jpg,4,4,0.00027036667,0.00014817715,0.0011806488,0.00032019615,0.99365234,0.0001847744,0.00022482872,0.00032782555,0.0038509369
20171218-105717-2.jpg,8,8,0.00020313263,0.0001090765,8.0287457e-05,0.00011968613,6.0319901e-05,8.6069107e-05,5.877018e-05,0.000426054,0.99902344
20180109-075028-1.jpg,8,8,0.00023365021,0.00022780895,0.00015592575,0.00026535988,0.00018000603,0.00021922588,0.0027008057,0.0003759861,0.99560547
20170729-092158-1.jpg,4,4,0.00031208992,0.00021576881,0.00050592422,0.00037431717,0.9921875,0.00019776821,0.00023448467,0.00033950806,0.005531311
20171219-113243-2.jpg,8,8,0.00013566017,0.00022602081,0.00014829636,0.00012671947,9.7632408e-05,0.00010943413,0.00011324883,0.00019490719,0.99902344
20170728-155251-1.jpg,4,4,0.00063514709,0.00025057793,0.0010890961,0.00064468384,0.98876953,0.00028395653,0.00024652481,0.00042104721,0.0075645447
20170714-140532-1.jpg,1,1,0.00038027763,0.99316406,0.00022256374,0.00035595894,0.00015890598,0.00021255016,0.0002644062,0.000623703,0.0046081543
20171203-174313-3.jpg,8,8,0.00010281801,0.00075960159,6.54459e-05,0.00029206276,7.7724457e-05,0.00014448166,0.0001411438,0.0001373291,0.99804688
20180322-114410-1.jpg,8,8,7.3373318e-05,5.2809715e-05,6.0081482e-05,0.00011599064,6.0796738e-05,8.5532665e-05,5.8293343e-05,9.649992e-05,0.99951172
20170714-112930-2.jpg,1,8,0.00052928925,0.044769287,0.00014162064,0.00027322769,7.9929829e-05,0.00016057491,0.00018548965,0.00032114983,0.95361328
20180125-091826-1.jpg,8,8,5.2988529e-05,7.5280666e-05,5.5074692e-05,8.302927e-05,5.7041645e-05,5.3942204e-05,6.0141087e-05,7.9154968e-05,0.99951172
20171220-090301-2.jpg,8,8,0.0001629591,0.0002746582,0.00010317564,0.00014221668,9.4234943e-05,0.00024437904,0.000218153,0.0002156496,0.99853516
20171212-094411-3.jpg,8,8,0.00012791157,0.00023055077,8.9049339e-05,0.00014090538,7.9095364e-05,0.00017845631,0.00013005733,0.0001796484,0.99902344
20171220-091648-3.jpg,8,8,0.00079250336,0.00029206276,8.0883503e-05,0.00026130676,0.00014019012,0.00016355515,0.0001116395,0.0007557869,0.99755859
20170714-150446-1.jpg,1,1,0.00026655197,0.99511719,0.00014364719,0.0002644062,0.0001295805,0.00016319752,0.00022232533,0.00042247772,0.0034103394
20170913-123856-1.jpg,5,5,0.00031852722,0.00030517578,0.00035381317,0.0003221035,0.00029301643,0.99365234,0.0002822876,0.00032615662,0.0043640137
20180105-093944-3.jpg,8,8,6.3180923e-05,8.6665154e-05,7.8439713e-05,5.2571297e-05,6.9379807e-05,9.7811222e-05,0.0012245178,0.0001052618,0.99804688
20170715-103801-1.jpg,1,1,0.00024104118,0.99658203,0.00012409687,0.00025391579,0.00010019541,0.00015330315,0.00014650822,0.00032186508,0.002073288
20180112-083355-1.jpg,8,8,0.00024700165,0.00016367435,5.9723854e-05,0.00044441223,9.9122524e-05,0.00010854006,0.00010579824,0.0003528595,0.99853516
20170714-143048-1.jpg,1,1,0.00033807755,0.99462891,0.000182271,0.00037574768,0.00016009808,0.00041365623,0.0002270937,0.00058364868,0.0033226013
20180125-091323-2.jpg,8,8,7.802248e-05,7.0393085e-05,5.7756901e-05,9.8049641e-05,3.7968159e-05,6.3478947e-05,6.3836575e-05,8.5413456e-05,0.99951172
20180112-104321-2.jpg,8,8,0.00024402142,0.00021457672,0.00029873848,0.0036792755,0.00030422211,0.00017642975,0.00016200542,0.00049686432,0.99462891
20180112-093400-2.jpg,8,8,9.4771385e-05,7.1108341e-05,7.2956085e-05,9.3996525e-05,5.1140785e-05,6.4432621e-05,6.3717365e-05,0.00010251999,0.99951172
20171113-123522-1.jpg,6,6,0.00013625622,0.00027227402,0.00017154217,8.4936619e-05,0.00021481514,0.00011789799,0.99511719,0.00019705296,0.0035057068
20180322-120115-2.jpg,8,8,8.7738037e-05,6.8068504e-05,6.2525272e-05,0.0001077652,6.4373016e-05,6.8604946e-05,6.3836575e-05,0.00013530254,0.99951172
20170207-141604-0.jpg,7,7,0.0011529922,0.00090885162,0.00032973289,0.00047326088,0.00023150444,0.000852108,0.00021541119,0.98974609,0.0061798096
20171219-114203-2.jpg,8,8,0.00013673306,0.00010836124,0.00016367435,0.00011694431,9.894371e-05,7.0512295e-05,0.00010180473,0.00025701523,0.99902344
20171025-095126-3.jpg,3,3,0.00065135956,0.00070762634,0.00071430206,0.99072266,0.00094556808,0.0004863739,0.00032806396,0.00057840347,0.0050582886
20170811-131023-1.jpg,0,0,0.97607422,0.0031490326,0.00011497736,0.00016272068,0.00020098686,0.012580872,7.4207783e-05,0.00074577332,0.0067214966
20171220-084149-3.jpg,8,8,0.00025653839,0.00011301041,0.0001244545,0.00020718575,0.00013053417,9.0897083e-05,6.54459e-05,0.00025892258,0.99853516
20170913-124037-2.jpg,5,5,0.00039863586,0.00097513199,0.00011634827,0.00033640862,0.00012481213,0.98828125,0.00021386147,0.00039362907,0.0092773438
20180105-100554-2.jpg,8,8,6.8128109e-05,7.1644783e-05,7.0929527e-05,7.0750713e-05,5.5491924e-05,6.633997e-05,0.00017225742,0.00012046099,0.99951172
20180112-080357-2.jpg,8,8,0.00025510788,0.00020825863,0.00010722876,0.00067090988,0.00011146069,0.0001091361,7.6472759e-05,0.00044846535,0.99804688
20171102-095026-1.jpg,4,4,0.0032615662,0.0004734993,0.0010213852,0.001625061,0.92919922,0.00060224533,0.00045108795,0.0011348724,0.062011719
20170906-105529-1.jpg,3,3,0.002866745,0.0016794205,0.001083374,0.97851562,0.0031166077,0.00070524216,0.00048780441,0.0019111633,0.0098495483
20170217-150828-0.jpg,0,0,0.99121094,0.00027704239,0.00032448769,0.00034236908,0.00044083595,0.00054693222,0.00041627884,0.0010881424,0.0053672791
20170920-094900-2.jpg,2,2,0.00021243095,0.00028300285,0.99121094,0.00011962652,0.00096416473,0.0001283884,0.00029659271,0.00028419495,0.0065116882
20170811-103725-2.jpg,0,0,0.99267578,0.00012111664,0.00022161007,0.00020265579,0.00094938278,0.00019073486,0.0001578331,0.00039625168,0.0048713684
20170913-124114-1.jpg,5,5,0.00044679642,0.00083398819,0.00022113323,0.00013387203,0.00020813942,0.97802734,0.00010800362,0.000177145,0.019790649
20180322-112922-1.jpg,8,8,7.8320503e-05,6.622076e-05,5.3584576e-05,5.3822994e-05,4.285574e-05,9.1195107e-05,4.1663647e-05,0.00012034178,0.99951172
20170715-125306-1.jpg,1,1,0.00042033195,0.99511719,0.00021469593,0.00046753883,0.00018501282,0.00024724007,0.00019967556,0.00047588348,0.0028553009
20180125-134135-3.jpg,8,8,0.00043439865,0.00020170212,0.00015068054,0.00016021729,0.0001322031,9.572506e-05,0.00019586086,0.00048756599,0.99804688
20180112-080137-2.jpg,8,8,0.00010669231,0.00012612343,7.5519085e-05,0.00036740303,9.2148781e-05,8.8870525e-05,7.8260899e-05,0.00022673607,0.99902344
20170714-111703-2.jpg,1,1,0.00054836273,0.75341797,0.00017035007,0.00032830238,0.00010329485,0.0027561188,0.00029826164,0.00079679489,0.24169922
20171102-093500-3.jpg,4,4,0.00052309036,0.00025224686,0.00045585632,0.00046730042,0.98876953,0.00030350685,0.00023567677,0.00037813187,0.0087585449
20170128-102740-0.jpg,8,8,0.00024843216,0.00040125847,0.00011694431,0.0002477169,0.00014817715,0.00010091066,0.00014579296,0.00052404404,0.99804688
20180322-124735-1.jpg,8,8,0.00010341406,7.5936317e-05,9.1075897e-05,0.00017642975,0.00025439262,0.00010919571,8.6903572e-05,0.0001308918,0.99902344
20170714-122419-3.jpg,1,1,0.001203537,0.98535156,0.00030183792,0.00060033798,0.0003683567,0.00045490265,0.00090789795,0.0015802383,0.0091094971
20170718-132737-2.jpg,7,7,0.0076255798,0.0025806427,0.0007109642,0.0013999939,0.00060272217,0.00082302094,0.00059080124,0.96923828,0.016494751
20170913-103812-3.jpg,5,5,0.0002720356,0.00035834312,0.00028371811,0.00051307678,0.00028991699,0.99169922,0.00036215782,0.00032520294,0.0059890747
20170128-104011-0.jpg,8,8,0.0002784729,0.0007390976,0.00013124943,0.00075483322,0.00016343594,0.00011926889,9.4354153e-05,0.00034666061,0.99755859
20170906-103531-1.jpg,3,3,0.00048303604,0.00035595894,0.0003619194,0.99267578,0.00073432922,0.00017428398,0.00025844574,0.00048232079,0.0044288635
20180109-070648-1.jpg,8,8,9.8824501e-05,9.9301338e-05,0.00011122227,0.00013935566,0.0001142025,9.9778175e-05,0.0004658699,0.00022995472,0.99853516
20170714-111950-2.jpg,1,1,0.00028395653,0.99462891,0.00017285347,0.00031805038,0.00012326241,0.00017559528,0.00021541119,0.00043988228,0.0038108826
20171219-111743-3.jpg,8,8,0.36083984,0.00042653084,0.00037050247,0.0016412735,0.0010852814,0.00018560886,0.00066184998,0.0016727448,0.63330078
20171218-105318-3.jpg,8,8,0.00018942356,0.0003619194,0.00011342764,0.00018954277,6.8485737e-05,0.00010508299,7.2002411e-05,0.00020444393,0.99853516
20171220-090156-3.jpg,8,8,0.00068187714,0.00018715858,0.00018036366,0.0060501099,0.00011795759,0.00026369095,0.00013840199,0.00062322617,0.99169922
20171219-092644-3.jpg,8,8,0.00087547302,0.0029945374,0.00038528442,0.00018239021,8.8691711e-05,0.001127243,0.00023460388,0.00017225742,0.99414062
20170727-144106-1.jpg,4,4,0.00056886673,9.7036362e-05,0.00043988228,0.00036072731,0.95947266,0.00015354156,0.00015354156,0.00027775764,0.038452148
20171219-112439-2.jpg,8,8,0.00057935715,0.00024676323,0.00011771917,0.00044703484,0.00016236305,0.0002373457,0.00021255016,0.00031542778,0.99755859
20171109-073228-3.jpg,5,5,0.00022315979,0.00026941299,0.00014007092,0.00027799606,0.00013566017,0.99316406,0.0001335144,0.00040745735,0.0053672791
20171212-103609-3.jpg,8,8,0.0017776489,0.0013427734,0.00014865398,0.00016617775,0.0001206398,0.00029063225,0.00039243698,0.0066833496,0.98925781
20171109-090601-2.jpg,5,5,0.00093793869,0.00060319901,0.00057029724,0.00053119659,0.00050497055,0.89648438,0.0006737709,0.0011281967,0.098632812
20170913-104934-3.jpg,5,8,0.023666382,0.006526947,0.0002720356,0.00031685829,0.00019490719,0.02015686,0.00014424324,0.00035214424,0.94824219
20171218-121303-2.jpg,8,8,0.0001257658,0.0001283884,8.7916851e-05,0.00017213821,7.0989132e-05,0.00021409988,9.0003014e-05,0.00016367435,0.99902344
20170714-110717-1.jpg,1,1,0.00089979172,0.98681641,0.00023460388,0.00044083595,0.000202775,0.00020515919,0.00033426285,0.0022220612,0.0084609985
20180322-113211-1.jpg,8,8,9.1135502e-05,6.2584877e-05,7.4625015e-05,0.00014603138,7.1585178e-05,6.5088272e-05,4.953146e-05,0.00013589859,0.99951172
20170714-115955-3.jpg,1,1,0.00035047531,0.99511719,0.00021743774,0.00040793419,0.00018167496,0.00022673607,0.00024700165,0.0005979538,0.0028915405
20170207-154653-0.jpg,0,0,0.98583984,0.00013756752,0.00014698505,0.00021576881,0.00062942505,0.00015079975,9.9301338e-05,0.0004761219,0.012435913
20170128-103255-0.jpg,8,8,0.00028896332,0.0079650879,0.00012552738,0.00043487549,0.00016319752,0.00027632713,0.00022602081,0.00038337708,0.99023438
20180119-111439-1.jpg,8,8,0.00024175644,0.0067825317,0.00011783838,0.00013244152,0.00014078617,0.00018846989,0.00085544586,0.00053167343,0.99121094
20180109-080651-1.jpg,8,8,9.4711781e-05,7.8141689e-05,8.7976456e-05,9.3698502e-05,7.0095062e-05,7.1048737e-05,0.00013124943,0.0001642704,0.99902344
20180109-095539-2.jpg,8,8,0.00021851063,0.00012433529,0.00014686584,0.00051164627,0.00016927719,0.0001001358,0.00011128187,0.0006814003,0.99804688
20180322-115414-2.jpg,8,8,7.891655e-05,7.2002411e-05,7.5757504e-05,0.00017416477,0.00011962652,5.7339668e-05,8.8572502e-05,0.00011515617,0.99902344
20171219-092910-2.jpg,8,8,0.00015723705,0.00020468235,7.0333481e-05,0.00016570091,9.0122223e-05,0.00014066696,0.0001064539,0.00019621849,0.99902344
20180109-091434-2.jpg,8,8,0.00021469593,0.00011754036,0.00011503696,0.00031471252,0.00018966198,0.00010305643,0.00018405914,0.00055837631,0.99804688
20170217-115221-0.jpg,0,0,0.99462891,0.00032114983,0.0002579689,0.00032949448,0.00033330917,0.00025963783,0.00032949448,0.00042438507,0.0028839111
20180109-100223-2.jpg,8,8,0.0027065277,0.0016746521,0.00014710426,0.00040626526,0.00018525124,0.00014793873,0.00030231476,0.00042867661,0.99414062
20180125-132850-2.jpg,8,8,9.727478e-05,7.879734e-05,6.5565109e-05,8.7738037e-05,5.6743622e-05,7.0333481e-05,6.3121319e-05,0.00013077259,0.99951172
20171218-110656-3.jpg,8,8,0.00023043156,0.00018155575,0.0001629591,0.00014865398,9.6142292e-05,0.00031876564,7.2598457e-05,0.00021886826,0.99853516
20170728-122701-3.jpg,4,4,0.00049114227,0.0001938343,0.00057983398,0.00043058395,0.99267578,0.00023019314,0.00022423267,0.00037384033,0.0046730042
20170727-112901-1.jpg,4,4,0.00045013428,0.00023496151,0.0010004044,0.00044488907,0.98925781,0.00039696693,0.00028443336,0.00033688545,0.0073661804
20171109-071508-1.jpg,5,5,0.00038695335,0.0002207756,0.00015640259,0.00025749207,0.00011992455,0.99169922,5.8293343e-05,0.0010156631,0.006072998
20170727-165337-1.jpg,4,4,0.00043344498,0.00017178059,0.00057411194,0.00040769577,0.98486328,0.00022757053,0.00021338463,0.00039243698,0.01247406
20170714-150115-1.jpg,1,1,0.00030708313,0.99462891,0.00015223026,0.00035047531,0.00016343594,0.000248909,0.00023090839,0.00049161911,0.003320694
20180119-104750-1.jpg,8,8,0.00010222197,0.00022923946,6.9439411e-05,7.5519085e-05,5.2332878e-05,7.9035759e-05,0.00014925003,0.00021052361,0.99902344
20170714-113627-3.jpg,1,1,0.00072908401,0.99023438,0.0003054142,0.00076055527,0.00030779839,0.00071668625,0.00026941299,0.00091028214,0.0055656433
20180125-095950-2.jpg,8,8,0.021728516,0.0010709763,0.0001282692,0.00085830688,0.00026106834,0.00032424927,0.00051403046,0.00098419189,0.97412109
20180322-104212-1.jpg,8,8,0.00011271238,9.8049641e-05,5.7220459e-05,0.0001218915,8.4936619e-05,7.8856945e-05,6.2704086e-05,0.00015306473,0.99902344
20170217-103906-0.jpg,0,0,0.99511719,0.00016999245,0.00020134449,0.00019931793,0.00019967556,0.00018048286,0.00021469593,0.00056362152,0.0031299591
20180109-080550-2.jpg,8,8,0.00010728836,0.0001347065,0.00017631054,0.00016760826,0.0001667738,9.4592571e-05,0.00097751617,0.00054121017,0.99755859
20171102-094216-1.jpg,4,4,0.00072574615,0.00025939941,0.0020332336,0.0039138794,0.93847656,0.0002849102,0.00026416779,0.00058317184,0.053375244
20170210-131452-0.jpg,7,7,0.00083303452,0.00045537949,0.00025224686,0.00048279762,0.00022614002,0.00052261353,0.00032758713,0.9921875,0.004699707
20171109-194331-1.jpg,5,5,0.00026965141,0.00018715858,0.00028944016,0.00021898746,0.000223279,0.99414062,0.00011318922,0.0003452301,0.0039710999
20171219-112524-2.jpg,8,8,0.00016772747,0.00016927719,8.4042549e-05,0.00022614002,8.7380409e-05,0.00015807152,0.00059318542,0.00018894672,0.99853516
20171212-104428-3.jpg,8,8,0.00025105476,0.00013637543,0.00011384487,0.00026917458,0.00011277199,0.00016450882,9.8526478e-05,0.00033974648,0.99853516
20180109-100020-2.jpg,8,8,0.00071048737,0.00043964386,0.00017023087,0.00089120865,0.00020289421,0.00023424625,0.0016269684,0.00047135353,0.99511719
20171122-101630-1.jpg,5,5,0.00031924248,0.00032567978,0.00028324127,0.00023674965,0.00028610229,0.99121094,0.00024414062,0.00032830238,0.0067367554
20171113-131658-0.jpg,6,6,0.00018715858,0.0003182888,0.00020897388,0.00010496378,0.00024437904,0.00015628338,0.99658203,0.00033593178,0.001868248
20180112-094623-2.jpg,8,8,0.00019264221,0.00013697147,9.3996525e-05,0.00016820431,0.00012803078,7.4505806e-05,7.7724457e-05,0.00020110607,0.99902344
20170217-100534-0.jpg,7,7,0.00028896332,0.00028896332,0.00012254715,0.00025248528,9.5903873e-05,0.00012850761,0.00020492077,0.99169922,0.0068817139
20170811-134054-1.jpg,0,0,0.91455078,0.00023424625,0.00017547607,0.00028371811,0.00026226044,0.00016105175,0.00010746717,0.0013923645,0.083068848
20180112-081632-2.jpg,8,8,0.00023686886,0.00022411346,0.0004503727,0.0013923645,0.00015294552,0.00011479855,5.710125e-05,0.00057220459,0.99658203
20170728-122620-3.jpg,4,4,0.00029873848,0.00013935566,0.00042963028,0.00028991699,0.99072266,0.00018334389,0.00019347668,0.00029611588,0.007396698
20171108-125635-3.jpg,5,5,0.00028991699,0.00023305416,0.00022363663,0.00026750565,0.00021386147,0.99609375,0.00017404556,0.0003964901,0.0022373199
20171218-115150-2.jpg,8,8,0.00022816658,0.00025105476,0.00015068054,0.00031113625,0.00011408329,0.00012934208,0.00010955334,0.00039219856,0.99853516
20171219-093048-2.jpg,8,8,0.011428833,0.0010232925,9.8288059e-05,0.0025520325,0.00012069941,0.00060892105,0.00018620491,0.00027298927,0.98388672
20170920-112835-3.jpg,2,2,0.00042295456,0.00036215782,0.99267578,0.00032258034,0.0010509491,0.0002297163,0.00027751923,0.00056219101,0.0042953491
20171219-094029-2.jpg,8,8,0.00039505959,0.00065565109,7.6055527e-05,0.00014281273,7.2717667e-05,0.00011986494,0.00012105703,0.0001667738,0.99804688
20170129-102525-0.jpg,8,8,0.00043320656,0.00043487549,0.00023281574,0.00017166138,0.00015234947,0.00018119812,9.894371e-05,0.00027132034,0.99804688
20180109-072410-2.jpg,8,8,0.00015807152,0.00013422966,0.00016117096,0.00024867058,0.00014328957,6.7532063e-05,0.00048470497,0.00029563904,0.99853516
20171217-184414-2.jpg,8,8,0.00017642975,0.00021064281,8.7022781e-05,0.00019097328,9.5129013e-05,0.00055408478,0.00011098385,0.00024580956,0.99853516
20170704-155037-0.jpg,7,8,0.002368927,0.00089216232,0.00026798248,0.00041508675,0.00031161308,0.00055170059,0.00021839142,0.26464844,0.73046875
20180105-101641-2.jpg,8,8,8.3088875e-05,9.0897083e-05,0.00012326241,0.00011479855,8.7440014e-05,8.3744526e-05,0.00034761429,0.00016880035,0.99902344
20180112-094134-2.jpg,8,8,0.00021362305,0.00012421608,8.7440014e-05,0.00015664101,9.8466873e-05,5.8948994e-05,6.210804e-05,0.00023829937,0.99902344
20180125-131335-2.jpg,8,8,0.00011044741,0.0001026392,6.3359737e-05,0.00014615059,7.3373318e-05,9.3817711e-05,6.0677528e-05,0.00016307831,0.99902344
20171113-124439-1.jpg,6,6,0.00012505054,0.00018239021,0.00018703938,7.5042248e-05,0.00024068356,9.1195107e-05,0.99658203,0.00014805794,0.0023765564
20171025-091157-3.jpg,3,3,0.00082206726,0.00033926964,0.00057458878,0.96630859,0.0031414032,0.0003080368,0.00033855438,0.00075054169,0.027572632
20180109-094522-2.jpg,8,0,0.54931641,0.00031304359,0.0001745224,0.00016951561,0.00020241737,0.003736496,0.00017619133,0.00075960159,0.44506836
20171205-143059-2.jpg,8,8,0.00086545944,0.029464722,0.00024032593,0.001244545,0.0004556179,0.00090694427,0.00034427643,0.00043153763,0.96582031
20170729-093233-1.jpg,4,4,0.00067663193,0.00019979477,0.00045418739,0.00088405609,0.97998047,0.00030827522,0.00031304359,0.0016002655,0.015426636
20180125-133156-2.jpg,8,8,9.5963478e-05,0.00012683868,6.0617924e-05,9.1016293e-05,3.8504601e-05,6.9439411e-05,5.4061413e-05,0.00012803078,0.99951172
20180109-073112-1.jpg,8,8,0.00013005733,0.00013649464,0.00014317036,0.00014936924,0.00013065338,0.00012278557,0.0014028549,0.00033974648,0.99755859
20170126-100535-0.jpg,1,1,0.00039768219,0.99267578,0.00027632713,0.00067949295,0.00028347969,0.0002746582,0.00048065186,0.00060939789,0.0044631958
20170920-183833-1.jpg,2,2,0.00028681755,0.00028252602,0.99316406,0.0003054142,0.00080299377,0.00023841858,0.00030732155,0.00039291382,0.0040473938
20170217-115351-0.jpg,7,7,0.00053358078,0.00059461594,0.00011557341,0.00041913986,0.00011402369,0.00027132034,0.00011813641,0.99316406,0.004611969
20170811-122609-2.jpg,0,0,0.99316406,0.0004196167,0.00033378601,0.00038909912,0.0003516674,0.00023448467,0.00020313263,0.00065660477,0.0041160583
20180125-134156-3.jpg,8,8,0.00022435188,0.00021982193,7.8737736e-05,0.00014817715,7.4267387e-05,9.137392e-05,0.00012397766,0.0027637482,0.99609375
20171205-144824-2.jpg,8,8,0.00018382072,0.00065517426,0.00013160706,0.00015521049,0.00013184547,0.00042152405,0.00015616417,0.00014317036,0.99804688
20170811-162442-1.jpg,0,0,0.99414062,0.00028681755,0.00033330917,0.00042486191,0.00041460991,0.00038361549,0.00022411346,0.00038647652,0.0032348633
20171102-115408-3.jpg,2,2,0.00031161308,0.00017571449,0.9921875,0.00023400784,0.00054311752,0.00042819977,0.0002155304,0.00031924248,0.0054397583
20171102-100951-2.jpg,4,4,0.0016040802,0.00037097931,0.0030288696,0.0017309189,0.62792969,0.00040435791,0.00034451485,0.0015363693,0.36328125
20180105-093606-3.jpg,8,8,0.00017023087,0.000172019,0.00027823448,0.00025701523,0.00028824806,0.00018119812,0.0040245056,0.00022375584,0.99462891
20180109-073051-1.jpg,8,8,0.00012409687,9.739399e-05,0.00010687113,0.00014638901,8.1717968e-05,0.0001090169,0.00027108192,0.00024485588,0.99902344
20171220-082809-3.jpg,8,8,0.00024604797,0.00021660328,0.00012385845,0.00023198128,0.00012469292,0.00025320053,0.0001000762,0.00037145615,0.99853516
20180112-091218-2.jpg,8,8,0.00019836426,0.00010943413,8.893013e-05,0.00021064281,8.5949898e-05,6.8902969e-05,5.8352947e-05,0.00037884712,0.99902344
20180125-132122-2.jpg,8,8,9.2804432e-05,8.8572502e-05,7.7605247e-05,9.7930431e-05,5.8054924e-05,7.8141689e-05,6.5863132e-05,0.00012552738,0.99951172
20170920-101720-1.jpg,2,2,0.00027680397,0.00024032593,0.99365234,0.00021016598,0.00077915192,0.00024962425,0.00023400784,0.00024056435,0.0042800903
20180109-074010-1.jpg,8,8,0.00010085106,9.0122223e-05,0.00011706352,0.00010889769,8.4161758e-05,8.8870525e-05,0.00012695789,0.00020802021,0.99902344
20180322-130428-1.jpg,8,8,7.3373318e-05,9.3519688e-05,6.0737133e-05,0.00011086464,8.1300735e-05,9.6976757e-05,9.1850758e-05,0.00010246038,0.99951172
20170217-095958-0.jpg,7,7,0.00045156479,0.00043511391,0.00017786026,0.00041890144,0.00016152859,0.00024604797,0.0001732111,0.99462891,0.0033721924
20180105-095241-2.jpg,8,6,0.00023639202,0.00055217743,0.00018000603,0.00012278557,0.00017213821,0.00013399124,0.625,0.00047421455,0.37329102
20171220-094523-2.jpg,8,8,0.00021672249,0.0008225441,0.00011593103,0.00012624264,8.4459782e-05,0.00043988228,0.00014066696,0.00022578239,0.99804688
20170129-102426-0.jpg,8,8,0.00031065941,0.00029349327,0.00047087669,0.00054454803,0.00025367737,0.00030636787,0.00012093782,0.00019919872,0.99755859
20171025-080211-2.jpg,3,3,0.0011005402,0.00098133087,0.0012588501,0.95361328,0.027694702,0.00037097931,0.0002810955,0.00069379807,0.014045715
20171122-100346-1.jpg,5,5,0.00038361549,0.00058317184,0.00022447109,0.00025606155,0.00025177002,0.98974609,0.00046062469,0.00041842461,0.0075874329
20180109-104108-2.jpg,8,8,0.0016975403,0.0001513958,0.00020992756,0.00061273575,0.00019395351,0.00011527538,8.7380409e-05,0.00060176849,0.99609375
20171113-113542-0.jpg,6,6,0.00016963482,0.00031423569,0.00016796589,7.6472759e-05,0.00021159649,0.00010150671,0.99707031,0.00020241737,0.0019207001
20171109-093449-2.jpg,5,5,0.00028562546,0.00061178207,0.00031781197,0.0002849102,0.00033020973,0.9921875,0.00021779537,0.00041747093,0.0053787231
20170714-143217-1.jpg,1,1,0.00040102005,0.99365234,0.00017929077,0.00042033195,0.00019061565,0.00025558472,0.00024700165,0.00049448013,0.0043373108
20180109-091402-2.jpg,8,8,0.00021338463,0.00016522408,0.00011026859,0.00033736229,0.00021219254,8.1419945e-05,0.00023782253,0.00062227249,0.99804688
20170304-131546-0.jpg,7,7,0.00072431564,0.00075864792,0.00018632412,0.00034666061,0.000172019,0.00046443939,0.00023531914,0.99316406,0.00415802
20171220-092331-3.jpg,8,8,0.0011482239,0.00060653687,0.00010079145,0.00026297569,0.00012683868,0.00050926208,0.00011354685,0.0005979538,0.99658203
20171113-102023-1.jpg,5,5,0.00025367737,0.00015878677,0.00014519691,0.00018727779,0.00010675192,0.99365234,0.00028634071,0.00027561188,0.0051727295
20171203-165621-3.jpg,8,8,0.022216797,0.11871338,0.00056600571,0.0024261475,0.0027637482,0.00090646744,0.0014371872,0.0058021545,0.84521484
20180109-103801-2.jpg,8,8,0.00012052059,9.0777874e-05,0.00012469292,0.00025677681,0.00010228157,8.2194805e-05,0.00012850761,0.00042247772,0.99853516
20170627-105220-0.jpg,7,7,0.0026531219,0.00072431564,0.00027799606,0.00045061111,0.00025320053,0.054473877,0.00039768219,0.93554688,0.0050048828
20171113-120638-3.jpg,6,6,0.00016641617,0.00038337708,0.00023794174,0.00011104345,0.00024020672,0.00017392635,0.99511719,0.00024795532,0.0032577515
20180112-091313-2.jpg,8,8,0.00020468235,6.3538551e-05,0.00015676022,0.00015437603,0.00012409687,5.2690506e-05,4.9352646e-05,0.00021350384,0.99902344
20171113-140203-1.jpg,6,6,0.00012266636,0.00025033951,0.00027060509,9.1791153e-05,0.00027823448,0.00010997057,0.99609375,0.00018155575,0.0024414062
20180105-101625-2.jpg,8,8,0.00011229515,0.00011885166,0.00029683113,0.00012165308,0.00013661385,0.00010412931,0.0015239716,0.00021398067,0.99755859
20180125-135038-2.jpg,8,8,5.8233738e-05,6.2823296e-05,5.286932e-05,7.5638294e-05,4.8875809e-05,5.0842762e-05,6.3657761e-05,9.226799e-05,0.99951172
20170728-154236-1.jpg,4,4,0.00045919418,0.00017309189,0.00054502487,0.00044941902,0.99072266,0.00025010109,0.00023090839,0.00038433075,0.0068588257
20180109-085352-2.jpg,8,8,0.0022354126,0.0010147095,0.00048017502,0.0021057129,0.00048708916,0.00038695335,0.00024914742,0.001663208,0.99121094
20170501-145713-0.jpg,8,8,0.00096273422,0.0015134811,6.6280365e-05,0.00023317337,0.00011014938,0.00022542477,0.00015115738,0.00092935562,0.99560547
20170728-150742-3.jpg,8,8,0.00069475174,0.00028443336,0.0010251999,0.00076913834,0.20849609,0.00027251244,0.00064373016,0.0007390976,0.78710938
20180112-093427-1.jpg,8,8,0.00022220612,0.0001091361,7.0512295e-05,9.7334385e-05,7.0631504e-05,6.4611435e-05,0.00010180473,0.00031137466,0.99902344
20180105-102301-1.jpg,8,8,0.00039505959,0.0003900528,0.00029206276,0.00036406517,0.00037002563,0.00027608871,0.0076026917,0.00047159195,0.98974609
20180119-110050-1.jpg,8,8,0.00013530254,0.00054454803,7.0750713e-05,0.00014150143,7.4744225e-05,0.00013577938,0.00020337105,0.0001950264,0.99853516
20171212-094119-1.jpg,8,8,0.00022542477,0.00025773048,9.9539757e-05,0.00020515919,8.3327293e-05,0.00010687113,7.0750713e-05,0.00023627281,0.99853516
20170727-171618-3.jpg,4,4,0.00039577484,0.00019681454,0.00054502487,0.00080442429,0.98876953,0.00026655197,0.00029325485,0.00058698654,0.0083770752
20170920-094806-2.jpg,4,4,0.0011205673,0.00040197372,0.00080871582,0.00137043,0.90283203,0.00037837029,0.00069665909,0.00070524216,0.09185791
20170811-104139-1.jpg,0,0,0.9921875,0.00034570694,0.00041747093,0.00050163269,0.00045180321,0.00038266182,0.00029420853,0.00057506561,0.004901886
20170906-133045-1.jpg,3,3,0.0010490417,0.00050210953,0.0009765625,0.98583984,0.0023479462,0.00046944618,0.00032520294,0.00074243546,0.0078430176
20180125-131617-3.jpg,8,8,0.00027227402,0.00017344952,0.00018751621,0.00016736984,0.00013172626,5.197525e-05,0.00015664101,0.00058507919,0.99804688
20180112-075335-2.jpg,8,8,0.00019717216,0.00017845631,0.00015819073,0.00091743469,0.00018906593,0.00010758638,7.7366829e-05,0.00056219101,0.99755859
20170705-164732-0.jpg,7,7,0.0015907288,0.0005030632,0.00015318394,0.00043439865,0.00031995773,0.00015079975,0.00017619133,0.98388672,0.012756348
20171219-112824-3.jpg,8,8,0.00090074539,0.0055465698,0.0028266907,0.00042104721,0.00062227249,0.00019752979,0.0017223358,0.0018815994,0.98583984
20180112-071319-2.jpg,8,8,9.5903873e-05,8.5055828e-05,5.9127808e-05,0.000685215,0.00010704994,9.5248222e-05,7.390976e-05,0.00013148785,0.99853516
20171025-075917-3.jpg,3,3,0.00066375732,0.0014686584,0.00049877167,0.94580078,0.0011959076,0.00063419342,0.00036334991,0.00062179565,0.048675537
20170920-115330-2.jpg,2,2,0.00024032593,0.0002579689,0.99462891,0.00024199486,0.00091218948,0.00015962124,0.00020861626,0.00027322769,0.002954483
20171109-085941-1.jpg,5,5,0.00024247169,0.00037884712,0.0002553463,0.00016701221,0.00022447109,0.9921875,0.00023114681,0.00035691261,0.0061645508
20180109-094939-2.jpg,8,8,0.00013399124,9.983778e-05,0.00010091066,0.00016140938,0.00014388561,8.4578991e-05,6.4611435e-05,0.00022637844,0.99902344
20171218-103241-3.jpg,8,8,0.00013649464,0.00013530254,6.9081783e-05,9.1791153e-05,7.3254108e-05,7.3611736e-05,7.9154968e-05,0.00020742416,0.99902344
20171219-105739-3.jpg,8,8,0.00053119659,0.00057077408,0.00014173985,0.00012242794,9.5903873e-05,0.00042963028,0.00012874603,0.00042653084,0.99755859
20180112-083600-1.jpg,8,8,0.00033354759,0.0002849102,0.00032019615,0.00053405762,0.00025248528,0.00016820431,0.00016462803,0.00047159195,0.99755859
20170210-131933-0.jpg,0,0,0.98974609,0.00046825409,0.00049114227,0.00041127205,0.000644207,0.00076818466,0.00041699409,0.00099182129,0.0060119629
20171121-075143-1.jpg,6,6,0.00018453598,0.00028204918,0.00020515919,0.00011062622,0.00025129318,0.00015318394,0.99658203,0.00020515919,0.0022602081
20180105-092305-2.jpg,8,8,0.00023806095,0.00024676323,0.00017571449,0.00022959709,0.00016212463,0.00030994415,0.0082244873,0.00051116943,0.98974609
20171113-140720-2.jpg,6,6,0.00012695789,0.00022363663,0.0002014637,7.8678131e-05,0.0002297163,0.00012362003,0.99707031,0.00025939941,0.0018777847
20180109-101225-1.jpg,8,8,0.0001283884,9.3877316e-05,4.5955181e-05,0.00013911724,6.0856342e-05,6.9975853e-05,7.7843666e-05,0.00028181076,0.99902344
20171201-115953-1.jpg,8,8,0.00018322468,0.00032949448,7.9929829e-05,0.00024461746,0.00010693073,0.0011053085,0.00026702881,0.00023639202,0.99755859
20171220-082605-2.jpg,8,8,0.00027632713,0.0002040863,0.00016117096,0.00024306774,0.00014281273,0.00034379959,0.00010091066,0.00033950806,0.99804688
20171122-104241-1.jpg,5,5,0.00027251244,0.00029635429,0.00026679039,0.00022947788,0.00023841858,0.99511719,0.00018799305,0.00037312508,0.0028781891
20171109-095504-2.jpg,5,5,0.00041699409,0.00039172173,0.00028681755,0.00024867058,0.00018203259,0.65429688,0.00022161007,0.00041532516,0.34350586
20170906-110845-1.jpg,3,3,0.00034117699,0.00063085556,0.0003900528,0.99316406,0.00083589554,0.000223279,0.0001322031,0.0004901886,0.0036029816
20180125-131531-3.jpg,8,8,0.00017702579,0.00020861626,0.00011509657,0.00018954277,7.9095364e-05,7.6532364e-05,0.00012683868,0.00029945374,0.99853516
20180109-090405-2.jpg,8,8,0.00024485588,0.00011467934,5.8233738e-05,0.00017237663,5.4597855e-05,8.9406967e-05,4.9233437e-05,0.00029158592,0.99902344
20170727-155543-1.jpg,4,4,0.00036931038,0.00012433529,0.00083065033,0.00031447411,0.99169922,0.00021290779,0.00019431114,0.00031661987,0.005695343
20170728-152850-1.jpg,4,4,0.00041651726,0.00012981892,0.0082550049,0.00028443336,0.98242188,0.00014591217,0.00016570091,0.00035643578,0.0078086853
20171212-102147-3.jpg,8,8,0.00014793873,0.0001219511,6.4730644e-05,0.00011223555,7.2062016e-05,6.3180923e-05,7.9154968e-05,0.0002784729,0.99902344
20171218-104344-3.jpg,8,8,0.00023758411,0.00035023689,0.00014972687,0.00015604496,0.00013458729,0.0003528595,0.00028252602,0.00031518936,0.99804688
20180125-134425-2.jpg,8,8,0.00017881393,0.00021481514,6.3955784e-05,0.00011330843,0.00010019541,8.6963177e-05,7.9810619e-05,0.00032639503,0.99902344
20180112-074554-2.jpg,8,8,0.00068902969,6.455183e-05,4.529953e-05,0.00024437904,4.5657158e-05,6.2704086e-05,3.439188e-05,0.00038576126,0.99853516
20170210-133023-0.jpg,0,0,0.99316406,0.00026297569,0.00018453598,0.00022435188,0.00021219254,0.00031852722,0.00016093254,0.00051212311,0.0048217773
20170920-160348-3.jpg,2,2,0.00030684471,0.00019836426,0.99121094,0.0005197525,0.0010948181,0.00019133091,0.00019550323,0.0003092289,0.0060386658
20170127-102243-0.jpg,1,1,0.00038409233,0.99169922,0.00014543533,0.00030589104,0.00012165308,0.00020611286,0.0003452301,0.00051355362,0.0062599182
20170920-184353-1.jpg,2,2,0.00056171417,0.00051498413,0.98974609,0.00044798851,0.0018148422,0.00039935112,0.00043725967,0.00067424774,0.0055160522
20171218-104033-3.jpg,8,8,0.0012578964,0.031280518,0.0003194809,0.00067520142,0.000197649,0.0026226044,0.0011062622,0.00068187714,0.96191406
20171220-083917-2.jpg,8,8,0.00045824051,0.00034093857,0.00019156933,0.00026965141,0.00012767315,0.00021028519,0.00011497736,0.00074148178,0.99755859
20170210-131730-0.jpg,7,7,0.00044631958,0.00037813187,0.0001462698,0.00033664703,0.00014305115,0.00023722649,0.00019431114,0.99511719,0.0030212402
20180119-114225-1.jpg,8,8,0.00018203259,0.00023496151,7.0512295e-05,0.00011622906,8.7559223e-05,5.543232e-05,0.00011706352,0.00034356117,0.99902344
20180119-110326-1.jpg,8,8,0.00027179718,0.00039935112,0.00021994114,0.0004992485,0.00020563602,0.00025629997,0.00088167191,0.00038981438,0.99707031
20180109-103846-2.jpg,8,8,0.00015759468,0.00010609627,0.00015926361,0.00046014786,0.00017356873,9.316206e-05,0.00012081861,0.00053453445,0.99804688
20171220-094813-2.jpg,8,8,0.00098133087,0.0011882782,0.00015330315,0.0020713806,8.803606e-05,0.00012862682,0.00066375732,0.0063934326,0.98828125
20171220-090436-2.jpg,8,8,0.0023002625,0.00021326542,8.5830688e-05,0.00098133087,9.316206e-05,0.0019426346,0.0001064539,0.003610611,0.99072266
20171102-102346-3.jpg,2,2,0.00027823448,0.00034976006,0.99169922,0.00029778481,0.00089550018,0.00029683113,0.00025987625,0.00035238266,0.0053291321
20180125-130130-2.jpg,8,8,0.0014448166,0.00055074692,0.00019800663,0.0038375854,0.00040030479,0.00014126301,0.00018596649,0.0010623932,0.9921875
20170410-153701-0.jpg,7,7,0.0024681091,0.0013113022,0.00022315979,0.00034213066,0.00026535988,0.00045728683,0.00025200844,0.98681641,0.0077819824
20171121-073424-1.jpg,6,6,0.00016915798,0.00047206879,0.00012302399,7.212162e-05,0.00018692017,0.00011414289,0.99609375,0.00018870831,0.0025444031
20180112-082118-1.jpg,8,8,0.00018942356,0.00017130375,0.0001026392,0.00030255318,0.00011432171,8.4996223e-05,9.4592571e-05,0.00044059753,0.99853516
20170706-110255-0.jpg,4,7,0.0022201538,0.0014133453,0.00025892258,0.00061178207,0.00025391579,0.00028443336,0.0024051666,0.89550781,0.096984863
20170128-102105-0.jpg,8,8,0.00014698505,0.00014698505,0.00010222197,8.8334084e-05,7.8439713e-05,8.1062317e-05,9.6380711e-05,0.00032353401,0.99902344
20171220-094820-2.jpg,8,8,0.0011568069,0.20397949,0.00037646294,0.0012998581,0.00016009808,0.00023889542,0.00068235397,0.0099868774,0.78222656
20170706-111508-0.jpg,7,7,0.0042953491,0.0011301041,0.00045442581,0.0013074875,0.00032639503,0.00029325485,0.0004324913,0.86230469,0.12963867
20180109-071511-2.jpg,8,8,6.7532063e-05,8.3386898e-05,8.6009502e-05,6.967783e-05,5.7995319e-05,6.2823296e-05,0.0010614395,0.00017178059,0.99853516
20170913-125611-1.jpg,5,5,0.00048398972,0.00033783913,0.0005736351,0.00053882599,0.00076580048,0.99023438,0.00056695938,0.00035190582,0.0059890747
20180109-102754-2.jpg,8,8,0.00026369095,0.0001424551,0.00037121773,0.00080871582,0.00044226646,0.00013244152,0.00016975403,0.00087881088,0.99658203
20171121-090759-1.jpg,6,6,0.00018751621,0.00048089027,0.00015461445,7.5280666e-05,0.00018751621,0.00011098385,0.99560547,0.00022673607,0.0030021667
20170729-085955-3.jpg,4,4,0.00045061111,0.00021195412,0.0005569458,0.00046992302,0.9921875,0.00024676323,0.00020086765,0.00046253204,0.005241394
20171212-095958-1.jpg,8,8,0.0001707077,0.00017297268,0.00017511845,0.00025820732,0.00012481213,0.00025177002,0.00011688471,0.00028395653,0.99853516
20171220-090244-2.jpg,8,8,0.00020074844,0.00053167343,0.00016081333,0.00015497208,0.00013363361,0.00018489361,0.00014531612,0.00022637844,0.99804688
20180105-101333-2.jpg,8,8,0.00013756752,0.00011062622,0.00010091066,6.455183e-05,0.00013136864,9.2566013e-05,0.00039339066,0.0001604557,0.99902344
20180105-101216-2.jpg,8,8,0.00010025501,7.4803829e-05,0.00010341406,0.00011795759,8.8214874e-05,9.3698502e-05,0.00026965141,0.00018370152,0.99902344
20170913-105923-2.jpg,3,3,0.00038599968,0.00021314621,0.00019311905,0.99267578,0.00026226044,0.00097513199,0.00015294552,0.0003631115,0.0047836304
20171025-074519-2.jpg,3,3,0.00077772141,0.00079965591,0.00049114227,0.98876953,0.00071382523,0.00038361549,0.00033783913,0.00059890747,0.0072746277
20180109-074324-2.jpg,8,8,0.00029063225,0.00019299984,0.00022113323,0.00014317036,0.00019729137,0.00020647049,0.00027108192,0.00021123886,0.99804688
20171219-094811-2.jpg,8,8,0.00013625622,0.00021755695,6.3896179e-05,9.2089176e-05,5.620718e-05,0.00013077259,8.9526176e-05,0.00018620491,0.99902344
20171220-100335-1.jpg,8,8,0.00010943413,0.00012457371,7.8141689e-05,0.00011271238,6.6697598e-05,0.00013208389,8.0108643e-05,0.00014781952,0.99902344
20171025-093205-2.jpg,3,3,0.00048971176,0.00038576126,0.00054311752,0.99169922,0.00067472458,0.00034427643,0.00027894974,0.00050449371,0.0052223206
20180112-072341-1.jpg,8,8,0.00013935566,0.00043439865,0.00010985136,0.00024092197,0.00013399124,0.00011843443,0.0001283884,0.00060272217,0.99804688
20171220-101143-1.jpg,8,8,0.00014710426,0.00013422966,0.0001090169,0.00014579296,6.9975853e-05,0.00014412403,7.7366829e-05,0.00023591518,0.99902344
20170304-131639-0.jpg,7,7,0.0006403923,0.0012874603,0.00014472008,0.00041890144,9.2089176e-05,0.0001937151,0.00014615059,0.98681641,0.0102005
20170920-100505-2.jpg,2,2,0.00029706955,0.00025367737,0.99267578,0.00019335747,0.0010108948,0.00018036366,0.00021886826,0.00029444695,0.0047607422
20170811-132431-1.jpg,0,0,0.99169922,0.00027155876,0.00028824806,0.00032114983,0.00027656555,0.00090551376,0.00022923946,0.00037908554,0.0057830811
20170920-095702-1.jpg,2,2,0.00021052361,0.00018668175,0.99511719,0.00016915798,0.00069761276,0.00015032291,0.00016343594,0.00023031235,0.0031299591
20170906-105324-1.jpg,3,3,0.00065660477,0.00035214424,0.00030136108,0.98681641,0.0053596497,0.00014662743,0.00013935566,0.00048828125,0.0056152344
20180109-072347-2.jpg,8,8,0.00019657612,0.00014877319,0.00042271614,0.00019741058,0.00023138523,0.00010079145,0.0016593933,0.00017952919,0.99707031
20180322-112301-2.jpg,8,8,0.00012612343,0.00010484457,7.635355e-05,0.00021135807,6.6816807e-05,0.00010281801,7.468462e-05,0.0001680851,0.99902344
20170920-115421-3.jpg,2,2,0.00034022331,0.00029611588,0.99267578,0.00036501884,0.0015125275,0.00022554398,0.00027942657,0.000395298,0.0041236877
20171102-103242-2.jpg,2,2,0.00024151802,0.00023007393,0.99023438,0.00029921532,0.0016870499,0.00012004375,0.00020802021,0.00033903122,0.0068740845
20180112-080609-2.jpg,8,8,0.00091457367,0.0003027916,0.0083312988,0.012290955,0.0024280548,0.00034451485,0.00016343594,0.00098133087,0.97412109
20170129-102757-0.jpg,8,8,0.00019681454,0.00049114227,0.00031495094,0.0002746582,0.0001642704,0.00016033649,0.00012695789,0.00017595291,0.99804688
20180109-103926-2.jpg,8,8,0.00032615662,0.00021421909,0.00030946732,0.002155304,0.00032973289,0.00013279915,0.00015258789,0.00074768066,0.99560547
20180322-121116-2.jpg,8,8,0.00014400482,0.00010794401,6.8247318e-05,0.00017654896,7.5042248e-05,0.00010311604,8.9585781e-05,0.00021767616,0.99902344
20171121-091226-3.jpg,6,6,0.00023722649,0.00047254562,0.00024461746,0.00021183491,0.00031423569,0.0002219677,0.99414062,0.00030398369,0.0037288666
20170210-142635-0.jpg,7,7,0.00040721893,0.0005068779,0.00020301342,0.00040364265,0.00012886524,0.0003118515,0.00019311905,0.99462891,0.0032558441
20170728-121202-2.jpg,4,4,0.00042891502,0.00017368793,0.00057697296,0.00040245056,0.99365234,0.00022959709,0.00020885468,0.00034832954,0.003786087
20171113-132227-1.jpg,6,6,0.00053548813,0.0021362305,0.00025677681,0.00030827522,0.00037956238,0.00018441677,0.99169922,0.00048685074,0.0039100647
20180322-113506-2.jpg,8,8,0.000218153,0.00017988682,6.3359737e-05,0.0001527071,6.6161156e-05,5.2392483e-05,7.2956085e-05,0.00023305416,0.99902344
20180112-094746-2.jpg,8,8,0.00017297268,0.00017571449,0.00011891127,0.00017225742,0.00015473366,8.6069107e-05,0.00010198355,0.00023031235,0.99902344
20170501-144221-0.jpg,1,1,0.00088024139,0.97021484,0.00017356873,0.00038194656,0.00015926361,0.00029492378,0.00028395653,0.00061702728,0.027099609
20170906-100700-1.jpg,3,3,0.00057554245,0.00047945976,0.00038957596,0.98632812,0.00034236908,0.00017404556,0.00013446808,0.00056505203,0.010848999
20180109-103947-2.jpg,8,8,0.00035881996,0.00017416477,0.00021791458,0.00045847893,0.00022268295,0.00013911724,0.00010758638,0.00077772141,0.99755859
20171113-145332-1.jpg,6,6,0.00013124943,0.00019431114,0.0002259016,8.5532665e-05,0.00026392937,0.00011098385,0.99658203,0.00017356873,0.0023956299
20170728-154830-1.jpg,4,4,0.00029945374,0.00018250942,0.00081443787,0.0003991127,0.99365234,0.00024247169,0.00022530556,0.00033998489,0.003698349
20171219-102206-2.jpg,8,8,0.00017082691,0.00018692017,0.00012743473,8.3506107e-05,0.00015175343,0.00010383129,6.3955784e-05,0.00023555756,0.99902344
20170811-114903-1.jpg,0,1,0.3293457,0.64257812,0.00027132034,0.00066137314,0.00035881996,0.00047445297,0.00062227249,0.0088272095,0.016906738
20170718-132007-2.jpg,7,7,0.0007276535,0.0020618439,0.00020885468,0.00075864792,0.00017428398,0.00028347969,0.00027298927,0.98974609,0.0055847168
20170920-114105-3.jpg,2,2,0.00029945374,0.00030350685,0.99365234,0.00040006638,0.0008764267,0.00018668175,0.00028944016,0.00032401085,0.0035152435
20171218-122016-3.jpg,8,8,0.00018906593,7.7724457e-05,6.7412853e-05,0.00022292137,6.3300133e-05,0.0004761219,7.1585178e-05,0.0002758503,0.99853516
20170410-160127-0.jpg,7,7,0.00079536438,0.00045347214,0.00014472008,0.00067996979,0.00015223026,0.00021827221,0.00021839142,0.98925781,0.0082931519
20170210-133438-0.jpg,0,0,0.99267578,0.00024938583,0.0004503727,0.00031518936,0.00053453445,0.0003323555,0.0003182888,0.00059747696,0.0046272278
20180109-103659-2.jpg,8,8,0.0002579689,0.00010693073,0.00024080276,0.00058746338,0.00027108192,0.00023519993,0.00013005733,0.00070858002,0.99755859
20180125-132847-2.jpg,8,8,0.00011086464,0.00010550022,7.5757504e-05,0.00011485815,5.8233738e-05,7.4207783e-05,6.8843365e-05,0.00015759468,0.99902344
20170210-130805-0.jpg,7,7,0.00076723099,0.00050497055,0.00022637844,0.00050640106,0.00018620491,0.00037837029,0.00030684471,0.99267578,0.004573822
20170129-102437-0.jpg,8,8,0.00015795231,0.00018298626,0.0001950264,0.00025105476,0.00017333031,0.00017654896,0.00010699034,0.00015318394,0.99853516
20180112-074922-2.jpg,8,8,0.00016760826,0.00016629696,0.00011318922,0.0001449585,0.00013840199,8.9049339e-05,0.00011467934,0.00029444695,0.99853516
20170705-161056-0.jpg,7,7,0.023376465,0.0016326904,0.0001398325,0.00035881996,0.00013184547,0.0007314682,9.7036362e-05,0.95214844,0.021209717
20171220-084830-2.jpg,8,8,0.00022268295,0.0001693964,9.8228455e-05,0.00021505356,9.8049641e-05,0.00015079975,0.00011658669,0.00035214424,0.99853516
20170727-113505-1.jpg,4,4,0.00033330917,0.00026750565,0.0007519722,0.00029850006,0.99169922,0.00033998489,0.00025582314,0.00035095215,0.0056724548
20171220-092605-3.jpg,8,8,0.00014579296,0.00018775463,0.00012123585,0.00020861626,0.00010865927,0.00021052361,0.00011187792,0.00020539761,0.99853516
20180112-091331-2.jpg,8,8,0.00016522408,0.00011557341,0.0001001358,0.00029993057,8.7141991e-05,9.9599361e-05,4.5239925e-05,0.00029110909,0.99902344
20180109-085727-1.jpg,8,8,0.00020074844,0.00023794174,0.00013422966,0.0003888607,0.00012624264,0.00018167496,0.00016748905,0.0004491806,0.99804688
20170728-154121-1.jpg,4,4,0.00045609474,0.00021314621,0.00063753128,0.00043606758,0.99267578,0.00026154518,0.00023341179,0.00043177605,0.0047340393
20180125-095445-2.jpg,8,8,0.00016188622,0.00018429756,7.1167946e-05,0.00017333031,3.2484531e-05,0.0030403137,0.00011706352,0.00022029877,0.99609375
20180109-105722-2.jpg,8,8,0.00031709671,0.00018131733,0.00026631355,0.00073814392,0.00031614304,0.00026893616,0.00016272068,0.00069713593,0.99707031
20171109-091843-2.jpg,5,5,0.00050020218,0.00084638596,0.00059080124,0.00041699409,0.00051927567,0.98632812,0.0003786087,0.00067281723,0.0098114014
20171220-084839-3.jpg,8,8,0.00014364719,0.00015449524,0.00013661385,0.00020885468,0.00011843443,0.00016891956,8.6784363e-05,0.0002553463,0.99853516
20171220-090834-3.jpg,8,8,0.0022544861,0.00032377243,0.00011759996,0.0003387928,0.00021255016,0.00015044212,0.00016522408,0.0015459061,0.99511719
20171121-071808-1.jpg,6,6,0.00016307831,0.00035524368,0.00010985136,8.893013e-05,0.00018489361,8.2015991e-05,0.99560547,0.00014865398,0.0030784607
20171220-101319-2.jpg,8,8,0.00048923492,0.0007390976,0.0002104044,0.00012165308,0.00011271238,0.00040388107,0.00016689301,0.00039362907,0.99755859
20180119-113355-1.jpg,8,8,0.0001718998,0.0016222,9.1731548e-05,9.6142292e-05,0.00010335445,0.00015187263,0.00097751617,0.0002207756,0.99658203
20171220-083556-2.jpg,8,8,0.00012791157,0.00011998415,8.392334e-05,0.00018584728,6.7651272e-05,8.0287457e-05,9.0122223e-05,0.00020372868,0.99902344
20171219-093202-2.jpg,8,8,0.00031590462,0.00017523766,0.00012278557,0.00013363361,7.4923038e-05,0.00021374226,8.3208084e-05,0.00014901161,0.99853516
20171219-105135-3.jpg,8,8,0.0001604557,9.3758106e-05,0.00026679039,0.0001347065,0.00010961294,0.00013160706,5.5968761e-05,0.00021219254,0.99902344
20170920-132601-2.jpg,2,2,0.00029444695,0.00030565262,0.99121094,0.00028967857,0.00056266785,0.00027227402,0.00016033649,0.00039839745,0.0063934326
20180112-072415-1.jpg,8,8,0.00028705597,0.00029301643,5.6445599e-05,0.00017285347,9.6917152e-05,8.0525875e-05,0.00010001659,0.0020217896,0.99707031
20171201-123729-3.jpg,8,8,0.00028991699,0.00096845627,8.9466572e-05,0.00016868114,0.00011372566,0.0053787231,0.00015354156,0.00028252602,0.99267578
20170906-112514-1.jpg,3,3,0.00094842911,0.0043563843,0.00030374527,0.98291016,0.0008058548,0.000177145,0.00030326843,0.0010643005,0.0091094971
20170729-091939-2.jpg,4,4,0.00050401688,0.00021970272,0.00078105927,0.00064182281,0.98681641,0.00032615662,0.00029492378,0.00047016144,0.0098342896
20180322-120051-2.jpg,8,8,0.00022137165,0.00014913082,0.00010603666,0.0002617836,9.8705292e-05,9.7930431e-05,0.0001500845,0.00038075447,0.99853516
20170705-161748-0.jpg,7,7,0.0014734268,0.00069618225,0.00017797947,0.00069093704,0.00018906593,0.00018620491,0.0001283884,0.98632812,0.0099411011
20171109-093229-2.jpg,5,5,0.00030350685,0.00045967102,0.0001064539,0.00017905235,7.7903271e-05,0.94384766,0.00015568733,0.00023162365,0.054626465
20180125-134340-3.jpg,8,8,0.00013303757,0.00013673306,0.00013113022,0.00010919571,7.8976154e-05,6.4432621e-05,0.00013792515,0.00031924248,0.99902344
20171203-173509-3.jpg,8,8,0.00018358231,0.00091695786,0.0001103878,0.00011855364,0.00016009808,0.00016880035,0.00038218498,0.00018882751,0.99755859
20171218-120245-2.jpg,8,8,0.00015521049,0.00012254715,9.4234943e-05,0.00020396709,8.2015991e-05,0.00015902519,9.3579292e-05,0.00026249886,0.99902344
20180112-074651-2.jpg,8,8,0.0003247261,0.00019299984,0.00011706352,0.00054931641,0.00012743473,0.00010204315,6.9916248e-05,0.00033116341,0.99804688
20171218-110528-3.jpg,8,8,0.00011515617,0.00010734797,7.7664852e-05,0.00014424324,6.0915947e-05,0.00015544891,6.8187714e-05,0.00016093254,0.99902344
20170217-100027-0.jpg,7,7,0.0011863708,0.00041842461,0.00018966198,0.00033473969,0.00014555454,0.00040984154,0.00033831596,0.99316406,0.0038471222
20171121-072315-1.jpg,6,6,0.00020051003,0.0001745224,0.0001090169,5.9843063e-05,0.00014138222,7.5638294e-05,0.99511719,0.00021874905,0.0040893555
20171219-095636-2.jpg,8,8,0.00029492378,0.00020039082,0.00012421608,0.00018596649,7.1167946e-05,0.00013172626,0.00016212463,0.00022053719,0.99853516
20171219-093410-3.jpg,8,8,0.00018978119,0.001121521,7.7366829e-05,0.00010424852,7.4863434e-05,0.00010615587,0.0001013279,0.00020444393,0.99804688
20180109-103711-2.jpg,8,8,0.00016999245,9.4234943e-05,0.00026583672,0.00043392181,0.00025177002,0.00011557341,0.00020122528,0.00064468384,0.99804688
20170728-151644-1.jpg,8,8,0.00019788742,0.00012004375,0.00016236305,0.00021421909,0.00021457672,6.9975853e-05,9.6857548e-05,0.00028038025,0.99853516
20171218-103405-3.jpg,8,8,0.00016963482,0.00014162064,9.9420547e-05,0.00011593103,8.3982944e-05,6.8366528e-05,6.8843365e-05,0.00027155876,0.99902344
20171220-083743-2.jpg,8,8,0.00018954277,0.00011658669,0.00015544891,0.00024700165,0.00011771917,0.00013232231,7.5936317e-05,0.00030303001,0.99853516
20170714-143055-2.jpg,1,1,0.00019240379,0.99365234,8.9526176e-05,0.00021779537,0.00012183189,0.00010287762,0.00014460087,0.00024700165,0.0050926208
20170920-111023-2.jpg,2,2,0.00025963783,0.00026059151,0.99267578,0.00027799606,0.0011558533,0.00023508072,0.00021111965,0.00029826164,0.0044288635
20180125-100950-1.jpg,8,8,0.00015044212,9.5903873e-05,6.7710876e-05,0.0001013875,0.003616333,5.5849552e-05,8.1002712e-05,0.00012230873,0.99560547
20171220-093359-3.jpg,8,8,0.00033950806,0.00020885468,9.9658966e-05,0.00085449219,0.00016224384,0.00019454956,0.00046420097,0.00055646896,0.99707031
20170630-154315-0.jpg,7,7,0.00091695786,0.00046229362,0.00019800663,0.00036454201,0.00012743473,0.0005197525,0.00025510788,0.99316406,0.0038967133
20170714-142536-3.jpg,1,1,0.00030374527,0.99511719,0.00019621849,0.00045108795,0.00014972687,0.00022304058,0.0001732111,0.00052118301,0.0028533936
20171025-095009-1.jpg,3,3,0.00091505051,0.00060462952,0.00047373772,0.98974609,0.00059461594,0.00044369698,0.00053977966,0.00064325333,0.006149292
20180105-093310-2.jpg,8,8,0.000685215,0.00021648407,0.00028777122,0.0004029274,0.00063848495,0.00011837482,0.001543045,0.0064506531,0.98974609
20170210-131423-0.jpg,7,7,0.00054788589,0.00044965744,0.00030660629,0.0005736351,0.00026535988,0.0003554821,0.00030660629,0.99267578,0.0047340393
20171113-115920-3.jpg,6,6,0.00013482571,0.00024390221,0.0001629591,0.00012016296,0.0001578331,0.00010329485,0.99609375,0.0010681152,0.0020980835
20171113-145759-3.jpg,6,6,0.00021624565,0.00030589104,0.00026679039,0.00010788441,0.00028920174,0.00015175343,0.99511719,0.00025629997,0.0031890869
20180119-110358-2.jpg,8,8,0.00024044514,0.0002644062,0.00010472536,0.00011050701,0.00010186434,9.5784664e-05,0.00014102459,0.00025725365,0.99853516
20170718-131906-2.jpg,7,7,0.0012550354,0.0012350082,0.00037646294,0.00099277496,0.00049543381,0.00052928925,0.00043654442,0.98046875,0.014167786
20171218-110905-2.jpg,8,8,0.0015716553,0.00021469593,0.00020778179,0.00063419342,0.00010436773,0.00025320053,8.9943409e-05,0.00056123734,0.99658203
20180112-070622-2.jpg,8,8,0.00012141466,0.00015830994,4.8160553e-05,0.00092220306,0.00011384487,0.00017678738,9.1910362e-05,0.00014555454,0.99804688
20180125-091618-2.jpg,8,8,7.7307224e-05,8.6188316e-05,8.9406967e-05,0.00012081861,9.0658665e-05,6.3419342e-05,0.00010842085,0.00013291836,0.99902344
20180322-133812-1.jpg,8,8,9.7334385e-05,7.7903271e-05,9.5009804e-05,0.00016629696,0.00010794401,5.7995319e-05,8.0168247e-05,0.000182271,0.99902344
20180109-095847-2.jpg,8,1,0.0018768311,0.74365234,0.00063848495,0.0017166138,0.00083780289,0.00066900253,0.0018367767,0.030792236,0.21777344
20170129-102006-0.jpg,8,8,0.0040206909,0.042907715,0.0011796951,0.00079393387,0.00059938431,0.0013837814,0.00099563599,0.00137043,0.94677734
20171219-102046-2.jpg,8,8,0.00018036366,0.00014400482,0.00013756752,8.8810921e-05,0.00010401011,8.3327293e-05,7.3552132e-05,0.00027155876,0.99902344
20170217-121224-0.jpg,0,0,0.99462891,0.00032520294,0.00032401085,0.00035381317,0.00030755997,0.00032234192,0.00025677681,0.00067996979,0.0030288696
20170727-124501-3.jpg,4,4,0.00036525726,0.0002014637,0.00081968307,0.00059509277,0.9921875,0.00027632713,0.00034046173,0.00040459633,0.0047035217
20171205-123619-2.jpg,8,8,0.00039863586,0.00029706955,0.00016975403,0.00015580654,0.00012397766,0.000395298,8.2015991e-05,0.00048160553,0.99804688
20180119-104537-2.jpg,8,8,0.0012741089,0.06439209,0.00038290024,0.00053882599,0.00036764145,0.00085878372,0.001036644,0.0013208389,0.9296875
20171203-172336-3.jpg,8,8,0.00019335747,0.00018918514,0.0016222,0.00015568733,0.00033211708,9.6201897e-05,0.00016093254,0.00043082237,0.99658203
20171218-104645-3.jpg,8,8,0.00014138222,0.0001103282,7.8678131e-05,0.00015044212,6.0796738e-05,0.0001745224,8.1658363e-05,0.00017559528,0.99902344
20171109-093438-2.jpg,5,5,0.00021350384,0.0009765625,6.3121319e-05,4.9710274e-05,6.7055225e-05,0.97412109,0.00030112267,0.00019049644,0.023864746
20171102-103136-3.jpg,2,2,0.00026679039,0.00025177002,0.99267578,0.00029802322,0.0017204285,0.00020384789,0.00022864342,0.00034999847,0.0037899017
20170705-164230-0.jpg,7,7,0.002040863,0.00066757202,0.00027656555,0.0012197495,0.0019483566,0.00028824806,0.00029206276,0.81982422,0.17346191
20171113-060840-1.jpg,6,6,0.00020194054,0.00033974648,0.00015735626,9.5248222e-05,0.00018811226,0.00011354685,0.99658203,0.00021696091,0.0020961761
20170315-090222-0.jpg,8,8,0.00021719933,0.00049114227,0.00024986267,0.00050973892,0.00023925304,9.059906e-05,0.0001193285,0.00032782555,0.99755859
20170920-131847-2.jpg,2,2,0.00024986267,0.00023770332,0.99462891,0.00032305717,0.00065088272,0.00017940998,0.00016260147,0.00029873848,0.0035037994
20171218-111605-2.jpg,8,8,0.00015115738,0.00013899803,0.00013184547,0.00010329485,5.620718e-05,0.00018465519,6.4432621e-05,0.00021755695,0.99902344
20170906-094844-2.jpg,3,3,0.0034217834,0.00057554245,0.0099868774,0.73388672,0.002746582,0.00038647652,0.00036382675,0.0057487488,0.24291992
20170913-122837-3.jpg,3,3,0.014610291,0.0084686279,0.00093364716,0.58007812,0.0029659271,0.0013113022,0.00016474724,0.11242676,0.27929688
20170705-160831-0.jpg,7,7,0.0036811829,0.0019454956,0.00011348724,0.0012607574,0.00020873547,0.00019490719,0.0001219511,0.83398438,0.15856934
20180109-090332-1.jpg,8,8,0.00018143654,0.00019323826,7.1883202e-05,0.00024628639,0.00010293722,0.00010067225,0.00020372868,0.00052213669,0.99853516
20180112-093023-1.jpg,8,8,0.00015032291,0.00013303757,0.00012123585,0.00014364719,8.4400177e-05,7.5638294e-05,0.00016272068,0.00031208992,0.99902344
20170210-133138-0.jpg,0,0,0.92333984,0.0048561096,0.00019454956,0.0024871826,0.00034546852,0.00021362305,0.00016129017,0.0076446533,0.061004639
20170913-104016-3.jpg,5,5,0.00024914742,9.9182129e-05,0.00026798248,0.00029826164,0.0009522438,0.99072266,0.00012648106,0.00030255318,0.0070648193
20171113-144457-1.jpg,6,6,0.00019073486,0.00039601326,0.00019311905,0.00010156631,0.00022554398,0.00021088123,0.99560547,0.00021696091,0.002664566
20170913-102022-2.jpg,3,3,0.00036525726,0.00034189224,0.00040507317,0.99316406,0.00068998337,0.00058031082,0.00018703938,0.00046205521,0.0036849976
20171220-085407-3.jpg,8,8,9.6678734e-05,0.00010603666,0.00010442734,0.00016224384,7.9333782e-05,0.0002655983,9.572506e-05,0.00014770031,0.99902344
20170728-154037-3.jpg,8,8,0.001074791,0.00047492981,0.00060987473,0.00054979324,0.26025391,0.00025129318,0.00039982796,0.00061273575,0.73583984
20180109-104510-1.jpg,8,8,0.00020194054,0.00011092424,0.00010800362,0.00021004677,0.00023543835,7.4625015e-05,7.3730946e-05,0.00038504601,0.99853516
20180109-070915-2.jpg,8,8,0.00045728683,0.00075006485,0.00013959408,0.00020956993,0.00023055077,0.00014662743,0.033966064,0.00040125847,0.96386719
20170522-093600-0.jpg,1,1,0.00032162666,0.99511719,0.00018799305,0.00025773048,0.00024557114,0.00025129318,0.00026392937,0.00043797493,0.0030956268
20171219-101538-3.jpg,8,8,0.0001937151,0.00021445751,0.00010275841,0.0001591444,7.4326992e-05,0.00016665459,9.5129013e-05,0.00033068657,0.99853516
20180109-074243-2.jpg,8,8,0.00020956993,0.00010019541,0.00020074844,0.00018119812,0.00016903877,0.00017857552,0.00017178059,0.00028133392,0.99853516
20171219-114240-2.jpg,8,8,0.00014436245,0.00014698505,0.00014805794,0.00017905235,9.6261501e-05,0.00011610985,0.00017178059,0.00020444393,0.99902344
20180119-110948-2.jpg,8,8,0.00036644936,0.00043606758,0.00024914742,0.00024175644,0.00017416477,0.00012731552,0.00025320053,0.00051212311,0.99755859
20170718-133513-2.jpg,7,7,0.0005235672,0.00055122375,0.00021970272,0.00084257126,0.00021111965,0.00026750565,0.00026464462,0.99121094,0.0060691833
20171218-114611-3.jpg,8,8,0.00014448166,0.00015282631,5.6505203e-05,0.00013208389,9.226799e-05,0.00031518936,0.00062799454,0.00020194054,0.99804688
20180109-071956-1.jpg,8,8,0.00012469292,0.00010561943,9.8347664e-05,0.00016915798,0.00012814999,0.00010019541,0.00033092499,0.00026917458,0.99853516
20170906-104356-1.jpg,3,3,0.00094509125,0.00047254562,0.00056123734,0.98535156,0.0074729919,0.00022411346,0.00023210049,0.0005645752,0.0040550232
20180322-102858-1.jpg,8,8,0.00010681152,0.00010234118,8.1658363e-05,0.0001642704,0.00014781952,8.0883503e-05,9.6797943e-05,0.00015604496,0.99902344
20180109-075132-1.jpg,8,8,8.2075596e-05,7.5399876e-05,8.1598759e-05,9.6440315e-05,6.7830086e-05,5.8412552e-05,0.00013828278,0.00019788742,0.99902344
20170704-151544-0.jpg,0,0,0.98828125,0.00048065186,0.0004298687,0.0005531311,0.00065612793,0.00049972534,0.0002925396,0.0016899109,0.0069847107
20170718-132036-2.jpg,7,7,0.0046882629,0.0023174286,0.00030112267,0.001086235,0.0003027916,0.00036096573,0.00028514862,0.89404297,0.096679688
20180119-114305-1.jpg,8,8,0.00064229965,0.001367569,0.00032377243,0.0013036728,0.00041532516,0.00025939941,0.00053119659,0.0041160583,0.99121094
20180109-071515-1.jpg,8,8,9.316206e-05,8.3506107e-05,9.3221664e-05,0.00014734268,0.00014507771,9.3758106e-05,0.0012636185,0.00021934509,0.99804688
20170906-135456-4.jpg,3,3,0.0062828064,0.0021076202,0.00093603134,0.96337891,0.0046958923,0.00053930283,0.00038599968,0.0015707016,0.02003479
20180322-130715-1.jpg,8,8,7.7843666e-05,6.955862e-05,7.4267387e-05,0.00014507771,8.2612038e-05,7.9154968e-05,7.557869e-05,0.00011605024,0.99951172
20180109-074146-1.jpg,8,8,0.00010299683,0.00010186434,0.00012111664,0.00017738342,9.4234943e-05,0.00010669231,0.00024986267,0.00020718575,0.99902344
20171121-073705-1.jpg,6,6,0.00021088123,0.00033164024,0.00011891127,0.00011354685,0.00015366077,9.0718269e-05,0.99609375,0.00029277802,0.0027980804
20180105-092734-2.jpg,8,8,0.0012311935,0.085205078,0.00026702881,0.00027012825,0.00039172173,0.0003490448,0.014076233,0.0012969971,0.89697266
20171025-092025-1.jpg,3,3,0.00087404251,0.00044202805,0.00050735474,0.99072266,0.00062513351,0.00040888786,0.00034809113,0.00080728531,0.0051307678
20171218-111830-3.jpg,8,8,0.00015950203,0.00019311905,9.5784664e-05,0.00011998415,8.7559223e-05,0.00046658516,0.0001322031,0.0003092289,0.99853516
20170129-103718-0.jpg,8,8,0.00076055527,0.0067749023,0.00038599968,0.00056695938,0.00030231476,0.000685215,0.00029397011,0.00038027763,0.98974609
20170501-142943-0.jpg,1,1,0.0003619194,0.99365234,0.00020158291,0.00028347969,0.00016057491,0.0003027916,0.00068330765,0.00066328049,0.003446579
20171205-133742-2.jpg,8,8,0.00019478798,0.00017881393,0.00013279915,0.00023806095,0.00010305643,0.00020623207,9.149313e-05,0.00028133392,0.99853516
20171201-115911-1.jpg,8,8,0.00016987324,0.00018846989,8.4638596e-05,0.00017392635,7.6591969e-05,0.0072517395,9.9301338e-05,0.00024247169,0.99169922
20180322-121833-2.jpg,8,8,0.00052547455,0.00059127808,0.00014770031,0.00092935562,0.00018024445,0.00018596649,0.00039243698,0.0010795593,0.99609375
20180125-091530-2.jpg,8,8,6.3240528e-05,6.0975552e-05,4.863739e-05,8.9883804e-05,5.3167343e-05,4.7981739e-05,7.0273876e-05,9.4771385e-05,0.99951172
20171102-120702-2.jpg,2,2,0.00024199486,0.0002373457,0.99414062,0.00020682812,0.00086736679,0.00021052361,0.00020563602,0.00033330917,0.0037460327
20171212-105943-3.jpg,8,8,0.0002989769,0.00029444695,0.00016260147,0.00017082691,0.00016462803,0.00012481213,0.00013959408,0.00036215782,0.99804688
20170920-095153-2.jpg,2,2,0.00020027161,0.00023162365,0.99462891,0.00017571449,0.0010938644,0.00013399124,0.00019347668,0.00023543835,0.0030498505
20180125-093345-2.jpg,8,8,6.9022179e-05,7.5757504e-05,5.8829784e-05,8.5949898e-05,5.877018e-05,5.2392483e-05,6.0498714e-05,0.00012457371,0.99951172
20170714-140605-1.jpg,1,1,0.00030946732,0.99121094,0.00010460615,0.00036549568,6.1750412e-05,0.00017225742,0.00015091896,0.0010557175,0.0067939758
20170811-124947-2.jpg,0,0,0.99365234,0.00016391277,0.00024342537,0.00021255016,0.00020635128,0.00031280518,0.00018846989,0.00048327446,0.0044174194
20171113-100514-3.jpg,5,5,0.00037574768,0.00026392937,0.00017142296,0.0002155304,0.00015819073,0.99609375,0.00018930435,0.00035309792,0.0019445419
20171218-115107-3.jpg,8,8,0.00035500526,0.00031089783,0.00020265579,0.00029993057,0.00025129318,0.00048875809,0.00032567978,0.00064373016,0.99707031
20170913-103603-2.jpg,3,3,0.00062656403,0.0003683567,0.00022101402,0.99121094,0.00047826767,0.0019292831,0.00021314621,0.00055789948,0.0045127869
20180119-111428-1.jpg,8,1,0.00063180923,0.70507812,0.00017380714,0.00025892258,0.00015604496,0.00040006638,0.0040206909,0.00081205368,0.28833008
20170315-085715-0.jpg,8,8,0.0010509491,0.00078725815,0.00061130524,0.0030460358,0.00034737587,0.0002412796,0.0003657341,0.00092983246,0.99267578
20180322-112537-1.jpg,8,8,0.00016689301,0.0001091361,0.00011247396,0.00017523766,9.1791153e-05,0.00011593103,6.5982342e-05,0.00025820732,0.99902344
20180112-100714-2.jpg,8,8,0.00029635429,0.00024044514,0.00079393387,0.00028419495,0.00041985512,0.00015187263,0.00039148331,0.0023841858,0.99511719
20170727-163104-2.jpg,4,4,0.00045514107,0.00031542778,0.00059652328,0.000623703,0.99023438,0.00029611588,0.00026154518,0.00042629242,0.0065689087
20171212-093927-3.jpg,8,8,0.00020205975,0.00020873547,0.00016343594,0.00069284439,0.00011718273,0.00020229816,0.00010472536,0.00025987625,0.99804688
20171220-101632-2.jpg,8,8,0.00018584728,0.00021958351,0.00016772747,0.00025868416,0.00011229515,0.00031256676,0.00011998415,0.00026535988,0.99853516
20180322-112736-2.jpg,8,8,0.00022351742,0.00034403801,8.3982944e-05,0.00026702881,9.1195107e-05,0.00034928322,0.00010234118,0.00040698051,0.99804688
20170728-150227-1.jpg,4,4,0.00035357475,0.00015664101,0.00068044662,0.00037360191,0.99414062,0.00021135807,0.00023078918,0.00034928322,0.0034389496
20171025-075132-2.jpg,3,3,0.0011892319,0.0014028549,0.00050401688,0.98828125,0.0012407303,0.00053977966,0.00048136711,0.00088119507,0.0053825378
20171220-094913-1.jpg,8,8,0.00012016296,9.7095966e-05,0.00015223026,0.00025939941,0.00010800362,0.00025224686,9.0718269e-05,0.00020861626,0.99853516
20170630-152217-0.jpg,7,7,0.0013065338,0.00066280365,0.00027418137,0.00053119659,0.00012695789,0.00039124489,0.00017225742,0.98974609,0.0067329407
20180125-091239-1.jpg,8,8,8.0883503e-05,9.6976757e-05,6.1810017e-05,8.9943409e-05,5.3703785e-05,6.8485737e-05,7.5638294e-05,0.00012022257,0.99951172
20180112-092549-1.jpg,8,8,0.00014579296,0.00014948845,8.046627e-05,0.00017356873,9.4890594e-05,6.4313412e-05,8.2194805e-05,0.00024604797,0.99902344
20170714-133445-1.jpg,1,1,0.00030326843,0.99462891,0.00018465519,0.0003964901,0.00017464161,0.0003027916,0.00035476685,0.00068950653,0.0031013489
20171113-143028-3.jpg,6,6,0.00028061867,0.00054264069,0.00015437603,0.00015246868,0.00022685528,0.0001308918,0.99023438,0.00028562546,0.0077705383
20170728-121057-2.jpg,4,4,0.00054121017,0.00023877621,0.0013256073,0.00064754486,0.99023438,0.00036406517,0.00031852722,0.00048232079,0.0060081482
20170217-113234-0.jpg,7,7,0.0004427433,0.00023472309,0.00015974045,0.00025653839,0.00015234947,0.00024700165,0.00021064281,0.99560547,0.0027980804
20170217-120542-0.jpg,7,7,0.0010290146,0.00050830841,0.00046253204,0.00072336197,0.00045084953,0.0005273819,0.00033283234,0.99023438,0.0059738159
20180322-105013-1.jpg,8,8,0.00013124943,8.3088875e-05,7.4446201e-05,0.00020945072,9.894371e-05,8.1121922e-05,6.4253807e-05,0.00020110607,0.99902344
20170728-123905-3.jpg,4,4,0.00067996979,0.00025272369,0.00064468384,0.00056266785,0.98876953,0.00034427643,0.0002450943,0.00047421455,0.0077819824
20171109-193741-1.jpg,5,5,0.00072813034,0.003282547,0.0002579689,0.0001899004,0.00022113323,0.73681641,0.25170898,0.00067472458,0.0060844421
20171220-091703-2.jpg,8,8,0.00049495697,0.00051641464,0.0001488924,0.000664711,0.00015366077,0.023895264,0.00022661686,0.00036001205,0.97363281
20180105-102457-1.jpg,8,8,6.9439411e-05,6.955862e-05,9.3638897e-05,5.7160854e-05,6.0141087e-05,6.8366528e-05,0.00020170212,0.00014996529,0.99902344
20180119-105435-1.jpg,8,8,0.00012588501,0.00032782555,7.2062016e-05,8.72612e-05,6.1511993e-05,9.6440315e-05,0.00023460388,0.00017297268,0.99902344
20170210-133154-0.jpg,0,0,0.98583984,0.00051879883,0.00021862984,0.00023365021,0.00031256676,0.00042009354,0.00034022331,0.0051231384,0.0070152283
20180125-131323-3.jpg,8,8,0.00022113323,0.00019001961,0.00012874603,0.00016772747,0.00011825562,6.8306923e-05,0.00011664629,0.00069189072,0.99853516
20180109-103225-1.jpg,8,8,0.00020027161,0.00013196468,0.00010257959,0.00023543835,0.00012624264,7.5757504e-05,8.9108944e-05,0.00043606758,0.99853516
20180125-133246-2.jpg,8,8,0.00050783157,0.00031518936,0.00011491776,0.00032615662,0.00011783838,0.00013172626,8.2135201e-05,0.0013875961,0.99707031
20171217-184248-2.jpg,8,8,0.00063848495,0.00043988228,0.00027632713,0.00033783913,0.00028395653,0.0010356903,0.00019860268,0.00039839745,0.99658203
20180112-102302-1.jpg,8,8,0.00014317036,0.00013828278,0.00014436245,0.00012505054,0.00012564659,0.00012326241,0.00017106533,0.00031042099,0.99853516
20171220-092748-2.jpg,8,8,0.00019669533,0.00010430813,0.00013816357,0.00021445751,8.9228153e-05,0.00031805038,6.4432621e-05,0.00020909309,0.99853516
20171212-101630-3.jpg,8,8,0.00029659271,0.00059270859,0.00024724007,0.00027561188,0.00016629696,0.00020861626,0.00017249584,0.00031638145,0.99755859
20171109-075049-3.jpg,5,5,0.00036597252,0.00034379959,0.00021791458,0.0003054142,0.00021529198,0.99511719,0.00025677681,0.00039482117,0.0027923584
20180105-093148-2.jpg,8,6,0.00034856796,0.00026679039,0.00042390823,0.00026679039,0.00052022934,0.00087070465,0.68310547,0.00043439865,0.31396484
20180109-100022-1.jpg,8,8,0.00038981438,0.00022804737,0.00010859966,0.00024020672,0.00012862682,9.0301037e-05,0.00012671947,0.00064516068,0.99804688
20171113-144252-3.jpg,6,6,0.00015246868,0.00018787384,0.00018501282,8.3982944e-05,0.000223279,0.00012004375,0.99707031,0.00017523766,0.0018854141
20171113-131510-2.jpg,6,6,0.0001065135,0.0001834631,7.301569e-05,3.5643578e-05,8.5234642e-05,4.3988228e-05,0.98291016,0.00013327599,0.016586304
20180322-104606-1.jpg,8,8,0.00030946732,0.00029182434,0.00010168552,0.00027966499,0.00016260147,0.00019729137,0.00028848648,0.00083589554,0.99755859
20171113-123443-3.jpg,6,6,0.00016319752,0.00024700165,0.00023055077,9.2864037e-05,0.00025653839,0.00017607212,0.99609375,0.00023794174,0.0024662018
20171025-082133-3.jpg,3,3,0.00095653534,0.00048279762,0.00055456161,0.98632812,0.0018491745,0.00027823448,0.00027751923,0.00067853928,0.008430481
20180322-132524-1.jpg,8,8,0.00010240078,9.7811222e-05,0.00019931793,0.00016736984,0.00010567904,6.7353249e-05,8.0525875e-05,0.00015413761,0.99902344
20170728-153348-1.jpg,8,8,0.00054931641,0.00019884109,0.0013713837,0.00049829483,0.0077819824,9.6321106e-05,0.00024676323,0.00056123734,0.98876953
20170127-101639-0.jpg,1,1,0.00059080124,0.97900391,0.00023376942,0.00057506561,0.00022482872,0.00053167343,0.00033664703,0.00035190582,0.0181427
20171025-074012-1.jpg,3,3,0.0007557869,0.00097942352,0.0006108284,0.98828125,0.0012216568,0.00044703484,0.00064229965,0.0005645752,0.0063667297
20180112-103611-1.jpg,8,8,8.8751316e-05,7.7366829e-05,9.7930431e-05,8.559227e-05,8.6426735e-05,7.9095364e-05,0.00013792515,0.0001655817,0.99902344
20170714-115443-2.jpg,1,1,0.00026726723,0.99462891,0.00017762184,0.00044822693,0.00016510487,0.00027894974,0.00022602081,0.00061750412,0.002986908
20180119-104936-1.jpg,8,8,0.00021421909,0.00046133995,0.00010031462,0.00017225742,0.0001103878,0.00019717216,0.00054264069,0.00032186508,0.99804688
20171113-141633-2.jpg,6,6,0.00016653538,0.00025653839,0.00026726723,0.00014364719,0.00035119057,0.00015079975,0.99609375,0.00024843216,0.0022411346
20171121-081516-2.jpg,6,6,0.0016317368,0.0032024384,0.0011453629,0.0012550354,0.00082063675,0.0015945435,0.65966797,0.0034427643,0.32714844
20170727-170933-3.jpg,4,4,0.00037956238,0.00020039082,0.00050067902,0.00077390671,0.99169922,0.00023519993,0.00025463104,0.00040721893,0.0055084229
20180322-112034-1.jpg,8,8,0.00027799606,0.0001333952,0.00010597706,0.00016999245,8.1539154e-05,8.6665154e-05,5.877018e-05,0.00023567677,0.99902344
20170207-141840-0.jpg,7,7,0.0011949539,0.00034689903,0.00014841557,0.00057935715,0.0001308918,0.00048804283,0.00010073185,0.99267578,0.0045089722
20171220-093036-2.jpg,8,8,0.0003221035,0.00016069412,0.00014066696,0.00019443035,0.00017404556,0.00034832954,9.5188618e-05,0.00030088425,0.99804688
20180105-100913-2.jpg,8,8,0.00012624264,0.00011700392,9.0241432e-05,7.0512295e-05,9.1969967e-05,0.00011223555,0.00049877167,0.00020384789,0.99853516
20171220-083113-3.jpg,8,8,0.00018286705,0.00018191338,0.00011575222,0.00018322468,0.00012028217,0.00015246868,9.8347664e-05,0.00032901764,0.99853516
20170210-131822-0.jpg,0,0,0.98974609,0.0013542175,0.0003221035,0.0003516674,0.00034284592,0.00025367737,0.00019907951,0.001914978,0.0055656433
20170210-133946-0.jpg,0,0,0.99121094,0.00027823448,0.00027608871,0.00028538704,0.00028371811,0.00028085709,0.00021362305,0.0016355515,0.0056800842
20170217-095820-0.jpg,7,7,0.001115799,0.00035023689,0.00014472008,0.00042057037,0.00012552738,0.00040197372,0.000202775,0.99169922,0.0057754517
20180109-074105-2.jpg,8,8,0.00039696693,0.00031924248,0.00025463104,0.00032043457,0.00021064281,0.00016069412,0.00026631355,0.0005645752,0.99755859
20170913-124425-1.jpg,5,5,0.14611816,0.00049209595,0.00012385845,0.00013160706,0.00025558472,0.85058594,0.0001295805,0.00023627281,0.0020847321
20170913-121227-1.jpg,5,5,0.00057554245,0.00029158592,0.00040888786,0.00049781799,0.00037336349,0.99169922,0.00041770935,0.00047397614,0.0051651001
20180322-133100-1.jpg,8,8,7.8976154e-05,9.6142292e-05,6.6936016e-05,0.00015807152,8.6247921e-05,8.893013e-05,8.0764294e-05,0.00011825562,0.99902344
20180109-095915-1.jpg,8,8,0.00017213821,0.00013947487,0.00011473894,0.00023341179,0.0001193285,0.00013458729,0.00010067225,0.0004863739,0.99853516
20171025-085907-2.jpg,3,3,0.001080513,0.00098991394,0.00094604492,0.95654297,0.00248909,0.00028920174,0.00050640106,0.00064325333,0.036590576
20180125-092329-1.jpg,8,8,9.1314316e-05,7.4863434e-05,5.4240227e-05,7.7188015e-05,5.5193901e-05,6.5803528e-05,8.4757805e-05,0.00014770031,0.99951172
20170920-095021-2.jpg,2,2,0.00046730042,0.00017690659,0.91992188,0.00027155876,0.011291504,0.00011223555,0.00013804436,0.00039124489,0.067138672
20171220-085351-2.jpg,8,8,0.00051689148,0.00032448769,5.364418e-05,0.0016794205,6.8187714e-05,9.983778e-05,9.8824501e-05,0.00037240982,0.99658203
20171203-172716-3.jpg,8,8,0.00026869774,0.0070075989,0.00016367435,0.0002194643,0.00016534328,0.00019407272,0.00022113323,0.000172019,0.99169922
20171205-141517-2.jpg,8,8,0.00012207031,0.00021088123,7.8141689e-05,0.00014567375,0.00010156631,0.00024437904,9.1612339e-05,0.00018179417,0.99902344
20180109-071039-2.jpg,8,8,0.00021469593,0.00020587444,0.00012886524,0.00022172928,0.00012874603,8.2194805e-05,0.0006685257,0.00029349327,0.99804688
20171203-171929-3.jpg,8,8,0.00010818243,0.00021350384,5.5134296e-05,8.4221363e-05,5.7339668e-05,7.545948e-05,9.1016293e-05,0.00017988682,0.99902344
20171025-095049-3.jpg,3,3,0.0012588501,0.0018577576,0.0009393692,0.93261719,0.010742188,0.00044298172,0.00030612946,0.00069665909,0.051177979
20180112-092131-1.jpg,8,8,0.00016248226,0.00013935566,8.046627e-05,0.00017726421,8.5234642e-05,7.6234341e-05,7.468462e-05,0.00040364265,0.99902344
20171102-121450-2.jpg,2,2,0.00017893314,0.00021123886,0.99414062,0.00029063225,0.00090551376,0.00019204617,0.0002245903,0.00026392937,0.0034389496
20170803-133045-1.jpg,0,7,0.015296936,0.36303711,0.0002310276,0.013031006,0.00035238266,0.00016450882,0.00041747093,0.56201172,0.045471191
20171201-120654-1.jpg,8,8,6.6936016e-05,9.059906e-05,6.9141388e-05,9.9599361e-05,4.8100948e-05,0.0001077652,5.8174133e-05,8.3386898e-05,0.99951172
20170920-183535-1.jpg,2,2,0.00032043457,0.00034499168,0.99121094,0.00028300285,0.0014925003,0.00026416779,0.00026416779,0.00033283234,0.0057220459
20171113-140237-2.jpg,6,6,0.00013840199,0.00016570091,0.00016689301,6.7293644e-05,0.00023567677,6.955862e-05,0.99511719,0.00015878677,0.0041122437
20171025-082029-2.jpg,3,3,0.00056028366,0.00042247772,0.00042843819,0.99169922,0.00046229362,0.00031638145,0.000243783,0.0006146431,0.0053901672
20170920-112533-2.jpg,2,2,0.00025606155,0.0002219677,0.99511719,0.00036048889,0.00074100494,0.00017571449,0.00020229816,0.00029349327,0.0025157928
20171025-080027-2.jpg,3,3,0.00095701218,0.0012073517,0.00070905685,0.98730469,0.0013313293,0.00068759918,0.00042057037,0.0010185242,0.0065917969
20170217-152225-0.jpg,0,0,0.99365234,0.0002450943,0.00014281273,7.3671341e-05,0.00017130375,0.00058412552,0.00015497208,0.0021018982,0.0027809143
20171212-094942-1.jpg,8,8,0.00012624264,0.0001834631,8.3267689e-05,0.00013256073,6.2942505e-05,0.00012350082,8.7916851e-05,0.00014412403,0.99902344
20171219-113407-3.jpg,8,8,0.0012187958,0.00025343895,0.0021724701,0.00011670589,0.00088596344,0.0001758337,0.00084733963,0.0015449524,0.99267578
20180109-101513-2.jpg,8,8,0.00015580654,0.0002810955,8.6188316e-05,0.00014662743,8.46982e-05,0.00012016296,0.00036883354,0.00021648407,0.99853516
20170126-095745-0.jpg,1,1,0.000415802,0.99414062,0.00021111965,0.0003657341,0.00017118454,0.00019013882,0.00026035309,0.00036740303,0.0040359497
20170210-144956-0.jpg,7,0,0.9921875,0.00028061867,0.00033187866,0.00025081635,0.00040364265,0.00043725967,0.00035858154,0.00096178055,0.0046005249
20171113-125026-0.jpg,6,6,0.00018560886,0.0002720356,0.00021791458,9.1910362e-05,0.00025939941,0.00011742115,0.99609375,0.00021660328,0.0025501251
20170920-134843-2.jpg,2,2,0.00062131882,0.00058937073,0.97509766,0.0005440712,0.0015087128,0.0002104044,0.0003118515,0.00069141388,0.020507812
20170210-132327-0.jpg,0,0,0.97363281,0.00082445145,0.00024390221,0.0001540184,0.00027036667,0.0002655983,0.00028681755,0.00089550018,0.023223877
20170315-085209-0.jpg,8,8,0.0012207031,0.0011577606,0.0007557869,0.0025310516,0.00082445145,0.00042629242,0.00053501129,0.00071287155,0.99169922
20171217-185021-2.jpg,8,8,0.00035119057,0.00023174286,0.00022614002,0.00022637844,0.00026988983,0.14929199,0.00022351742,0.00038695335,0.84863281
20171220-101158-2.jpg,8,8,0.00016510487,0.00024187565,0.0001180768,0.00015509129,6.8366528e-05,0.00014436245,7.3432922e-05,0.00019037724,0.99902344
20170727-145906-3.jpg,4,4,0.00032138824,0.00022244453,0.00041866302,0.00065326691,0.99121094,0.00032615662,0.00021636486,0.00030350685,0.0061759949
20170130-102504-0.jpg,1,1,0.00028824806,0.99609375,0.00013816357,0.00036025047,0.00010091066,0.00024068356,0.00017881393,0.0003361702,0.0023288727
20180105-095506-2.jpg,8,8,0.00011134148,8.5055828e-05,0.00015687943,0.00011354685,0.00015103817,0.00010895729,0.00031757355,0.0002399683,0.99853516
20180112-093144-2.jpg,8,8,0.00036358833,0.00031042099,0.00031113625,0.00039052963,0.00022995472,0.00013756752,0.00025057793,0.00040841103,0.99755859
20171025-100834-1.jpg,3,3,0.00074720383,0.00049209595,0.00053405762,0.99169922,0.0005645752,0.000436306,0.0003554821,0.00050735474,0.0048027039
20171109-085329-2.jpg,5,5,0.00017738342,0.00034666061,0.00017285347,0.00023245811,0.00012850761,0.99560547,0.00014543533,0.00019609928,0.003162384
20170920-112901-3.jpg,2,2,0.000233531,0.00024747849,0.99414062,0.00025606155,0.00050115585,0.00021493435,0.00022518635,0.0002553463,0.0037956238
20170728-125333-2.jpg,4,4,0.00055742264,0.00016772747,0.00051689148,0.00034546852,0.99072266,0.00023019314,0.00020980835,0.00036859512,0.0070762634
20171025-091214-2.jpg,3,3,0.00073862076,0.00057077408,0.00073003769,0.99072266,0.0010757446,0.00034379959,0.00034308434,0.00060939789,0.0049591064
20170404-153544-0.jpg,7,7,0.00037550926,0.00039720535,8.893013e-05,0.00018870831,6.3478947e-05,0.00010281801,8.7201595e-05,0.99511719,0.0033912659
20180112-080336-1.jpg,8,8,0.00012147427,0.00014984608,0.00013303757,0.00025820732,0.00018000603,8.5115433e-05,0.00012469292,0.00033903122,0.99853516
20170217-113901-0.jpg,0,0,0.99462891,0.00032782555,0.00029611588,0.00029158592,0.00028753281,0.00026082993,0.0002644062,0.00065088272,0.0031108856
20171025-075747-2.jpg,7,7,0.0010242462,0.022445679,0.00012993813,0.0006685257,0.00012326241,0.00021374226,0.00056123734,0.95849609,0.016540527
20170727-120502-3.jpg,4,4,0.00044465065,0.00025486946,0.00068902969,0.0005645752,0.98876953,0.00033187866,0.00027918816,0.00045323372,0.0083389282
20171109-093745-1.jpg,5,5,0.00037741661,0.00060606003,0.00017750263,0.00024068356,0.00016915798,0.99609375,0.00023055077,0.00034856796,0.0018367767
20180119-112817-2.jpg,8,8,0.00012791157,0.00023460388,6.0558319e-05,9.137392e-05,4.8398972e-05,0.00015413761,0.00012123585,0.00015568733,0.99902344
20180109-103711-1.jpg,8,8,0.00034689903,0.0001796484,0.00040364265,0.00038576126,0.00048589706,9.4532967e-05,0.0001129508,0.00066232681,0.99755859
20180109-104015-2.jpg,8,8,0.00071716309,0.00016820431,0.0001899004,0.00046896935,0.00021851063,0.00010842085,7.1108341e-05,0.0006814003,0.99755859
20171220-094747-2.jpg,8,8,0.00021493435,0.00016367435,0.00022447109,0.00029301643,0.00016343594,9.4652176e-05,0.00014948845,0.00030136108,0.99853516
20180119-104800-1.jpg,8,8,0.0001205802,0.0001462698,0.00010025501,9.2506409e-05,6.3538551e-05,9.304285e-05,0.00011378527,0.00020444393,0.99902344
20170811-100750-2.jpg,0,0,0.99169922,0.00059652328,0.00045633316,0.00045228004,0.0016565323,0.00032401085,0.00034761429,0.00057268143,0.004119873
20180322-102900-2.jpg,8,8,0.00013077259,0.00014042854,9.0003014e-05,0.00015878677,0.00012290478,6.2465668e-05,6.7710876e-05,0.00021970272,0.99902344
20171109-070740-1.jpg,5,5,0.00021135807,0.000213027,0.00018024445,0.00017642975,0.00014734268,0.99414062,8.7320805e-05,0.00032687187,0.0047454834
20170715-164442-1.jpg,1,1,0.00033760071,0.99511719,0.00017416477,0.00039887428,0.00014531612,0.00024163723,0.00019907951,0.00045108795,0.0029964447
20180112-094433-2.jpg,8,8,0.00032520294,0.0001693964,0.00014936924,0.00014269352,0.0013456345,9.9301338e-05,7.3671341e-05,0.00026774406,0.99755859
20180125-091510-2.jpg,8,8,7.2181225e-05,6.9379807e-05,6.0260296e-05,7.3373318e-05,5.3346157e-05,4.9650669e-05,7.2360039e-05,0.00012034178,0.99951172
20170727-162617-1.jpg,4,4,0.00034332275,0.00016689301,0.00062656403,0.00044751167,0.99316406,0.00024819374,0.00024282932,0.00037026405,0.0044212341
20180109-080657-2.jpg,8,8,0.00011605024,0.00010609627,0.00015079975,0.00011241436,0.00012719631,7.7068806e-05,0.00074863434,0.00028347969,0.99804688
20180322-113845-2.jpg,8,8,8.5234642e-05,6.8664551e-05,4.2617321e-05,0.00011688471,4.8339367e-05,8.4042549e-05,6.6518784e-05,0.00014662743,0.99951172
20170714-112727-2.jpg,1,8,0.00053358078,0.44165039,9.3638897e-05,0.0004196167,7.1108341e-05,0.00045275688,0.00038433075,0.0089569092,0.54736328
20180105-093213-2.jpg,8,8,0.00013577938,8.3565712e-05,9.9122524e-05,0.00010800362,0.00011044741,0.0001937151,0.00043559074,0.00028443336,0.99853516
20170920-095541-2.jpg,2,2,0.00042462349,0.0004029274,0.98681641,0.00027966499,0.00074577332,0.00023937225,0.0003888607,0.00042963028,0.010162354
20171205-144118-2.jpg,8,8,0.00043702126,0.00012862682,0.00011903048,0.00027894974,7.7366829e-05,0.000436306,7.0035458e-05,0.00023972988,0.99804688
20171109-095523-3.jpg,5,5,0.00026750565,0.00025224686,0.00012803078,0.00024330616,0.00010788441,0.99658203,0.00019288063,0.00040173531,0.0019626617
20171109-085703-2.jpg,5,5,0.00025773048,0.00029683113,0.00016629696,0.00017488003,0.00015890598,0.96679688,0.00022804737,0.00026869774,0.031463623
20180119-104747-2.jpg,8,8,0.00017929077,0.00058555603,0.00011307001,0.00012540817,8.4638596e-05,0.00018084049,0.00025677681,0.00026154518,0.99804688
20180112-072620-2.jpg,8,8,0.0001116991,0.00011742115,4.4465065e-05,0.00031471252,6.1452389e-05,8.5890293e-05,6.3955784e-05,0.00026583672,0.99902344
20171212-094724-1.jpg,8,8,0.00021338463,0.00024914742,0.00014412403,0.0006108284,0.00013542175,0.00023686886,0.00014984608,0.00035643578,0.99804688
20161207-145147-0.jpg,0,0,0.94287109,0.0022792816,0.0054092407,0.0039672852,0.015060425,0.00065279007,0.0012731552,0.0029296875,0.02545166
20170128-102558-0.jpg,8,8,0.00026798248,0.0021114349,0.00010412931,0.00060367584,0.00010114908,0.00015878677,0.00018632412,0.00018966198,0.99609375
20171102-115858-1.jpg,2,2,0.00037789345,0.00023794174,0.99267578,0.00025129318,0.00076580048,0.00028753281,0.00017309189,0.00050544739,0.0049514771
20180119-114026-2.jpg,8,8,0.00022852421,0.0017061234,9.8705292e-05,9.8705292e-05,9.1254711e-05,0.00010544062,0.00025725365,0.00019586086,0.99707031
20171220-082827-2.jpg,8,8,0.00013971329,0.00014710426,8.4221363e-05,0.00013267994,9.0301037e-05,0.00014579296,7.969141e-05,0.00025558472,0.99902344
20170913-110131-2.jpg,3,3,0.00045084953,0.00043797493,0.00026965141,0.9921875,0.0005030632,0.0012922287,0.00023639202,0.00040650368,0.0043487549
20170913-123428-3.jpg,3,3,0.0064468384,0.001578331,0.0029773712,0.96923828,0.0024375916,0.0032520294,0.00049161911,0.0014276505,0.012321472
20171212-095418-1.jpg,8,8,0.00028443336,0.00035333633,0.00020825863,0.0010242462,0.00021958351,0.00037288666,0.00015437603,0.00037145615,0.99707031
20171109-090420-1.jpg,5,5,0.003288269,0.0018072128,0.0013723373,0.0020294189,0.0011463165,0.96777344,0.00046849251,0.0059700012,0.016326904
20180109-100704-2.jpg,8,8,0.00022900105,0.0003452301,0.00020349026,0.00024676323,0.00014054775,0.00013935566,0.00019419193,0.00036978722,0.99804688
20171218-121940-2.jpg,8,8,0.00022172928,0.00031995773,7.2658062e-05,0.00011867285,8.0943108e-05,0.00074291229,0.00020647049,0.00025105476,0.99804688
20170727-134825-1.jpg,4,4,0.00060081482,0.00035738945,0.00071001053,0.00095844269,0.98681641,0.00037360191,0.00032758713,0.00058841705,0.0091323853
20180112-082251-1.jpg,8,8,0.00011646748,0.00015580654,8.9108944e-05,0.00049829483,0.0001142025,0.00012004375,0.00010478497,0.00021481514,0.99853516
20180109-075422-1.jpg,8,8,0.00010150671,9.7215176e-05,8.8632107e-05,0.00011879206,7.5280666e-05,7.712841e-05,0.00031852722,0.0001347065,0.99902344
20171220-093549-3.jpg,8,8,0.00013577938,0.00020766258,8.7201595e-05,0.00019168854,9.894371e-05,0.00015294552,0.00017488003,0.00029945374,0.99853516
20171109-072039-1.jpg,5,5,0.00030016899,0.00033569336,0.00018930435,0.0001282692,0.00017225742,0.99365234,0.00019705296,0.00056791306,0.0045623779
20180119-105030-1.jpg,8,8,0.00031590462,0.00052165985,0.00033688545,0.00030684471,0.00034046173,0.00024604797,0.0007648468,0.00063276291,0.99658203
20170913-123102-1.jpg,5,5,0.00079727173,0.0004427433,0.00046610832,0.0025005341,0.001083374,0.98730469,0.00060462952,0.0009522438,0.00573349
20171025-171914-3.jpg,3,3,0.0031852722,0.00099182129,0.0010719299,0.96972656,0.0017728806,0.00055789948,0.00034546852,0.0037536621,0.018814087
20180112-072323-1.jpg,8,8,8.4519386e-05,0.00015521049,0.00010043383,0.00033664703,0.0001360178,0.00013625622,0.00013279915,0.00014555454,0.99853516
20180105-093909-3.jpg,8,8,0.00010597706,0.00013494492,0.0001502037,0.00010484457,9.4950199e-05,6.8724155e-05,0.00089263916,0.00015091896,0.99853516
20180322-131210-1.jpg,8,8,7.891655e-05,7.379055e-05,9.8407269e-05,0.00013411045,0.00010436773,5.364418e-05,6.0915947e-05,0.00014531612,0.99902344
20171102-100219-2.jpg,4,4,0.00032901764,0.00017023087,0.0057868958,0.0009560585,0.97265625,0.00016403198,0.00016403198,0.00027132034,0.019714355
20171220-093129-2.jpg,8,8,0.00016868114,0.0001219511,0.00013685226,0.0001950264,9.8586082e-05,0.00015521049,0.00013935566,0.00022542477,0.99853516
20171217-184528-2.jpg,8,8,0.0011005402,0.00063037872,4.3392181e-05,0.00014436245,4.774332e-05,7.8856945e-05,5.5193901e-05,9.3340874e-05,0.99804688
20171025-094931-2.jpg,3,3,0.00074529648,0.00060892105,0.00059890747,0.99023438,0.0008893013,0.00039315224,0.00037026405,0.00066328049,0.0056495667
20170126-095737-0.jpg,1,1,0.00035119057,0.99072266,0.00018036366,0.00053310394,0.00019824505,0.00045347214,0.00033760071,0.00071954727,0.0063285828
20170729-092907-1.jpg,4,4,0.00029635429,0.00024724007,0.00049209595,0.00038218498,0.99267578,0.00020062923,0.00019574165,0.00024318695,0.0053634644
20180125-092006-2.jpg,8,8,7.7843666e-05,8.9466572e-05,6.5684319e-05,9.6917152e-05,6.6101551e-05,5.865097e-05,6.6697598e-05,0.00012969971,0.99951172
20180125-092015-2.jpg,8,8,7.5995922e-05,8.6605549e-05,6.043911e-05,7.8499317e-05,6.1154366e-05,4.7206879e-05,7.3850155e-05,0.00012600422,0.99951172
20170920-115556-2.jpg,2,2,0.00027918816,0.00024580956,0.99267578,0.00030946732,0.00067710876,0.00014674664,0.00028085709,0.00035786629,0.0052528381
20170304-131847-0.jpg,7,7,0.0011053085,0.00070810318,0.00023674965,0.00032973289,0.00016987324,0.00044989586,0.00021123886,0.9921875,0.0043640137
20180322-132124-1.jpg,8,8,7.3432922e-05,9.8705292e-05,7.5221062e-05,0.00011098385,7.5399876e-05,8.2552433e-05,7.4803829e-05,0.00012093782,0.99951172
20171219-113109-3.jpg,8,8,0.00022876263,0.00011509657,0.00010848045,0.00014257431,0.00011092424,7.1227551e-05,0.00022220612,0.00018799305,0.99902344
20180112-102927-2.jpg,8,8,0.00046634674,0.00016629696,0.00012069941,0.00036525726,0.00016951561,0.00011229515,0.0003027916,0.0009803772,0.99755859
20180125-094259-1.jpg,8,8,9.0122223e-05,8.6009502e-05,5.6624413e-05,8.7559223e-05,6.3538551e-05,6.7174435e-05,8.302927e-05,0.00014412403,0.99951172
20170405-155540-0.jpg,0,0,0.98779297,0.00015497208,0.00012922287,0.00020980835,0.00026917458,0.00028252602,0.00015830994,0.0027008057,0.0085296631
20171113-115907-3.jpg,6,6,0.00015437603,0.0002155304,0.00020301342,0.00016140938,0.00026774406,9.5009804e-05,0.99414062,0.00044703484,0.0043182373
20171121-085538-1.jpg,6,6,5.877018e-05,0.00011056662,7.0154667e-05,4.4465065e-05,8.392334e-05,5.3167343e-05,0.97705078,0.00012910366,0.022399902
20180112-092520-2.jpg,8,8,0.00043869019,0.00010758638,8.7976456e-05,0.00010299683,4.8756599e-05,6.3598156e-05,3.772974e-05,0.00031352043,0.99902344
20180105-101323-2.jpg,8,8,0.00010889769,9.9956989e-05,7.6055527e-05,7.390976e-05,8.7082386e-05,8.7082386e-05,0.00031065941,0.00017297268,0.99902344
20171212-100123-3.jpg,8,8,0.00020694733,0.00022876263,0.00014877319,0.00063371658,0.00010985136,0.00014650822,0.00011301041,0.00026893616,0.99804688
20180125-095738-1.jpg,8,8,7.9929829e-05,5.7935715e-05,6.8902969e-05,0.00012290478,4.7504902e-05,7.7843666e-05,9.1314316e-05,0.00010788441,0.99951172
20171109-092711-1.jpg,5,5,0.00053930283,0.00056648254,0.00073385239,0.00063514709,0.0006313324,0.98779297,0.00040221214,0.00067424774,0.0078964233
20180105-093111-2.jpg,8,8,0.00022244453,0.000192523,0.00047564507,0.00036144257,0.00040602684,0.00021648407,0.0010690689,0.0005531311,0.99658203
20180105-092118-3.jpg,8,8,7.7068806e-05,7.6293945e-05,7.0631504e-05,8.2612038e-05,5.4419041e-05,7.4148178e-05,0.00016391277,0.00013911724,0.99902344
20180109-075853-1.jpg,8,8,0.00013566017,6.8306923e-05,0.00010150671,0.00011092424,8.3148479e-05,5.7578087e-05,0.000172019,0.0003721714,0.99902344
20180125-094438-2.jpg,8,8,0.00012362003,0.0001231432,7.3611736e-05,0.00014221668,8.0049038e-05,6.4134598e-05,8.2194805e-05,0.00018405914,0.99902344
20180109-074653-1.jpg,8,8,6.2048435e-05,4.6849251e-05,7.1108341e-05,6.5267086e-05,5.197525e-05,5.1379204e-05,8.4519386e-05,0.00011461973,0.99951172
20171219-114909-2.jpg,8,8,0.00013995171,0.00019240379,8.6724758e-05,8.3327293e-05,0.00014102459,7.2360039e-05,9.8228455e-05,0.00016021729,0.99902344
20171109-071835-1.jpg,5,5,0.0003592968,0.00099945068,0.00022113323,0.00018370152,0.00027346611,0.99316406,0.00023472309,0.00032687187,0.0041313171
20170410-124425-0.jpg,0,0,0.99169922,0.00026464462,0.0002784729,0.00027537346,0.00027871132,0.00033831596,0.00021529198,0.0016174316,0.0049285889
20180105-095357-2.jpg,8,8,8.9228153e-05,5.0008297e-05,9.2566013e-05,5.1379204e-05,0.00010341406,5.3167343e-05,0.00020158291,0.0001386404,0.99902344
20171122-101626-1.jpg,5,5,0.00040507317,0.00038146973,0.00012695789,9.8884106e-05,0.00011700392,0.99316406,0.0001488924,0.00019586086,0.005153656
20180109-074039-2.jpg,8,8,0.00022530556,0.00014019012,0.00017309189,0.00024580956,0.00016820431,0.00011438131,0.0001938343,0.0002655983,0.99853516
20171218-105016-3.jpg,8,8,0.00015771389,0.00013327599,5.1617622e-05,0.00011855364,5.2630901e-05,0.00011974573,8.3506107e-05,0.00017428398,0.99902344
20171113-060715-1.jpg,5,5,0.00038337708,0.00040769577,0.00027108192,0.00049066544,0.0001937151,0.99267578,0.00024557114,0.00043225288,0.0048713684
20170714-150539-1.jpg,1,1,0.00025177002,0.99560547,0.0001244545,0.0001616478,9.6440315e-05,0.00012350082,0.00018012524,0.00031089783,0.0033493042
20170210-134117-0.jpg,0,0,0.98925781,0.00077009201,0.00035643578,0.00035595894,0.00044441223,0.00094413757,0.00025224686,0.00089740753,0.0068016052
20180105-100133-3.jpg,8,8,0.00011092424,7.8082085e-05,0.00013756752,0.00010460615,0.00010454655,7.3254108e-05,0.00026392937,0.00020432472,0.99902344
20180109-105815-1.jpg,8,8,0.00010752678,7.2598457e-05,6.8247318e-05,0.00013053417,8.9943409e-05,7.212162e-05,8.6903572e-05,0.00024962425,0.99902344
20180109-074438-2.jpg,8,8,0.00019669533,8.3327293e-05,0.00014841557,0.00013482571,0.00010669231,0.00011605024,0.00010639429,0.00011694431,0.99902344
20180105-104501-1.jpg,8,8,0.00016391277,0.00013995171,0.00013482571,0.00010573864,0.00012016296,8.2492828e-05,0.0011548996,0.00020444393,0.99804688
20171025-073905-1.jpg,3,3,0.00063562393,0.00096273422,0.00056886673,0.97314453,0.0045471191,0.00027656555,0.00021457672,0.00081825256,0.018753052
20170210-131010-0.jpg,7,7,0.00052118301,0.00052833557,0.00015962124,0.00031065941,0.00011664629,0.00026464462,0.00027322769,0.99462891,0.0033664703
20180105-095804-2.jpg,8,8,8.1479549e-05,6.80089e-05,0.00010848045,8.1896782e-05,8.2135201e-05,8.6128712e-05,0.00024580956,0.00017392635,0.99902344
20171205-143532-2.jpg,8,8,0.00066280365,0.0002682209,0.00018334389,0.00020909309,0.00010085106,0.097229004,0.00016081333,0.00032711029,0.90087891
20171220-095107-2.jpg,8,8,0.00022470951,0.00022423267,0.00037002563,0.0004503727,0.00022101402,0.00015830994,0.00013446808,0.00043201447,0.99755859
20180322-113434-1.jpg,8,8,7.1763992e-05,4.2021275e-05,5.7399273e-05,9.3400478e-05,5.7399273e-05,5.2154064e-05,4.285574e-05,0.00010466576,0.99951172
20171113-131609-1.jpg,6,6,0.00015032291,0.00022351742,0.00016844273,7.1763992e-05,0.00020515919,9.9420547e-05,0.99658203,0.00018465519,0.0021305084
20180112-080358-2.jpg,8,8,0.00013017654,0.00020158291,0.00011229515,0.00054168701,0.0001090765,0.0001322031,0.00011885166,0.00025200844,0.99853516
20171220-101720-1.jpg,8,8,0.00032019615,0.00070047379,0.00014603138,0.00050830841,0.0001347065,0.0013341904,0.00012433529,0.00049829483,0.99609375
20171025-095559-2.jpg,3,3,0.00060653687,0.0004401207,0.00042700768,0.9921875,0.00064659119,0.00034403801,0.00032138824,0.00055742264,0.0043144226
20170315-085236-0.jpg,8,8,0.00062513351,0.00055122375,0.00019824505,0.00026392937,0.00036859512,0.00018405914,9.3638897e-05,0.00016176701,0.99755859
20180125-092028-1.jpg,8,8,9.9658966e-05,0.00010889769,7.8976154e-05,0.00011563301,8.4638596e-05,7.6949596e-05,9.5307827e-05,0.00015330315,0.99902344
20180119-115429-1.jpg,8,8,0.00015413761,0.00023984909,0.00011014938,9.6440315e-05,6.3836575e-05,9.1254711e-05,0.00020599365,0.00039958954,0.99853516
20171025-081315-1.jpg,3,3,0.00089597702,0.0006403923,0.00052118301,0.98974609,0.00086641312,0.0004940033,0.00039386749,0.00073385239,0.0058898926
20170714-110205-1.jpg,1,1,0.00038933754,0.98974609,0.00022363663,0.00030827522,0.00014972687,0.00020897388,0.0010328293,0.0013151169,0.006477356
20171025-074659-3.jpg,7,7,0.0014457703,0.00073719025,0.00024819374,0.0019397736,0.00027012825,0.00025129318,0.00036358833,0.98779297,0.0068130493
20170906-115139-1.jpg,3,3,0.0016317368,0.0005812645,0.00057220459,0.98632812,0.0013160706,0.0004298687,0.00029206276,0.0039787292,0.0047187805
20171205-144029-2.jpg,8,8,0.0010766983,0.00041365623,0.00016438961,0.00041294098,0.00015997887,0.0050926208,0.00034999847,0.0004119873,0.99169922
20171102-100429-2.jpg,4,2,0.00050640106,0.00032711029,0.86083984,0.0011072159,0.12426758,0.00021505356,0.00031900406,0.0005364418,0.011901855
20180322-125323-1.jpg,8,8,5.954504e-05,5.2690506e-05,7.4267387e-05,0.00014805794,0.00012588501,0.00012046099,6.1869621e-05,8.1062317e-05,0.99951172
20180125-094153-2.jpg,8,8,0.00012123585,0.00011718273,9.8586082e-05,0.00014460087,0.00011986494,0.00010472536,0.00018727779,0.0001642704,0.99902344
20171219-102558-2.jpg,8,8,0.00012981892,0.00010472536,0.00013554096,0.00011414289,0.00011152029,9.6857548e-05,8.3684921e-05,0.00020074844,0.99902344
20170727-120034-3.jpg,4,4,0.00026583672,9.2029572e-05,0.0053672791,0.00032949448,0.98583984,0.00014996529,0.00015211105,0.00023591518,0.0075416565
20170906-112746-2.jpg,3,3,0.0017175674,0.00069332123,0.00071716309,0.80078125,0.00075626373,0.00036644936,0.00020003319,0.0017213821,0.19311523
20171109-074823-1.jpg,5,5,0.00024628639,0.00025463104,0.00020694733,0.00025177002,0.00021183491,0.99462891,0.00015795231,0.00047063828,0.00365448
20170906-113929-2.jpg,3,3,0.0005197525,0.00051832199,0.0006313324,0.99169922,0.0007610321,0.00036501884,0.00024962425,0.00054645538,0.0045928955
20171025-095809-1.jpg,3,3,0.0006942749,0.00038123131,0.00043869019,0.99072266,0.00049638748,0.00035524368,0.0002644062,0.000415802,0.0060386658
20180322-133822-1.jpg,8,8,9.393692e-05,0.00010699034,0.00017380714,0.00021612644,0.00014662743,8.5234642e-05,8.5413456e-05,0.00021314621,0.99902344
20171102-100028-2.jpg,4,4,0.0013628006,0.00046944618,0.00056362152,0.0016098022,0.76708984,0.0004324913,0.00031709671,0.00072240829,0.22753906
20170920-114548-2.jpg,2,2,0.00024580956,0.00020563602,0.99414062,0.00023555756,0.00062417984,0.00020194054,0.0002168417,0.00025486946,0.0038471222
20170728-153247-1.jpg,4,4,0.00035309792,0.00016641617,0.00058555603,0.00036382675,0.99462891,0.00019085407,0.00016415119,0.00023841858,0.0035381317
20170217-115806-0.jpg,0,0,0.98925781,0.0005979538,0.00038409233,0.00048971176,0.00052595139,0.00089168549,0.00046896935,0.0013647079,0.0061416626
20180125-131034-3.jpg,8,8,6.8068504e-05,7.2717667e-05,6.2704086e-05,8.136034e-05,4.7206879e-05,4.0411949e-05,7.1108341e-05,0.00010257959,0.99951172
20171219-100049-2.jpg,8,8,0.00040173531,0.00062608719,0.00010621548,0.00021278858,6.2167645e-05,0.00016319752,0.00014460087,0.0001642704,0.99804688
20180119-110641-1.jpg,8,8,0.00010478497,0.00024485588,8.5949898e-05,0.00020396709,8.9347363e-05,0.00012648106,0.00042414665,0.00022685528,0.99853516
20171102-093729-3.jpg,4,4,0.00084972382,0.00052165985,0.00099658966,0.0010614395,0.9765625,0.00055217743,0.00038218498,0.00067138672,0.018447876
20170811-134357-1.jpg,0,0,0.57666016,0.00087356567,0.00019299984,0.00049352646,0.00027751923,0.00033950806,0.00022220612,0.41040039,0.010604858
20180125-133152-3.jpg,8,8,0.00091981888,0.00050449371,0.00065898895,0.0007982254,0.00043344498,0.00034022331,0.00038337708,0.0022087097,0.99365234
20170207-153756-0.jpg,0,0,0.99121094,0.00029683113,0.00017130375,0.00015604496,0.0001642704,0.001127243,0.00011903048,0.00023376942,0.0065689087
20180125-131120-2.jpg,8,8,0.00051450729,0.00072431564,8.9526176e-05,0.00016701221,9.9122524e-05,0.00012946129,8.6247921e-05,0.0026073456,0.99560547
20171218-115627-3.jpg,8,8,0.00032138824,0.00022995472,0.00023448467,0.00029802322,0.00023293495,0.00038003922,0.00032401085,0.00044536591,0.99755859
20180125-091842-2.jpg,8,8,5.7697296e-05,6.2584877e-05,6.0141087e-05,6.2048435e-05,6.0260296e-05,3.027916e-05,7.4028969e-05,9.7215176e-05,0.99951172
20170920-095829-1.jpg,2,2,0.00027132034,0.00020682812,0.99316406,0.00019800663,0.00073194504,0.00020968914,0.00025749207,0.00028252602,0.0046958923
20171219-100758-2.jpg,8,8,0.00014817715,0.00023233891,8.0049038e-05,0.00011050701,8.6069107e-05,8.5413456e-05,7.390976e-05,0.0002450943,0.99902344
20171219-110355-3.jpg,8,8,0.00014579296,0.00017285347,0.00014805794,0.00027799606,8.6069107e-05,0.00015616417,8.7916851e-05,0.00020980835,0.99853516
20180322-133720-1.jpg,8,8,0.00010746717,0.00020062923,8.3744526e-05,0.00012254715,0.00011235476,6.0200691e-05,8.0049038e-05,0.00013256073,0.99902344
20171113-145843-1.jpg,6,6,0.00013530254,0.00024676323,0.00020885468,9.316206e-05,0.00024914742,0.00012636185,0.99609375,0.00020766258,0.0028629303
20180105-093543-3.jpg,8,8,0.00013303757,0.00024914742,9.4294548e-05,0.00012153387,9.2983246e-05,0.00010424852,0.00061225891,0.0002913475,0.99853516
20171220-085108-2.jpg,8,8,0.00011926889,0.00013518333,6.7532063e-05,9.6976757e-05,7.9810619e-05,0.00010639429,0.00013804436,0.00035524368,0.99902344
20180105-100226-2.jpg,8,8,0.00010150671,8.2790852e-05,0.00013244152,9.1016293e-05,7.8082085e-05,8.302927e-05,0.00016498566,0.00022876263,0.99902344
20170727-162422-1.jpg,4,4,0.00030255318,0.00019001961,0.00038719177,0.00047659874,0.99316406,0.00022149086,0.00020563602,0.00032162666,0.0046234131
20180322-113755-2.jpg,8,8,7.9631805e-05,0.00010466576,7.9751015e-05,0.00015807152,8.7201595e-05,7.9989433e-05,0.00010073185,0.00014913082,0.99902344
20170705-161005-0.jpg,7,0,0.45458984,0.002910614,0.00045251846,0.00046777725,0.0019931793,0.0008687973,0.00037145615,0.22241211,0.31616211
20180125-101546-1.jpg,8,8,7.1227551e-05,6.4492226e-05,5.0008297e-05,5.7041645e-05,4.6014786e-05,4.8160553e-05,7.1763992e-05,0.00012397766,0.99951172
20171113-102321-1.jpg,5,5,0.00022649765,0.00020265579,0.00011968613,0.00028371811,0.00016915798,0.99365234,0.00013196468,0.00020945072,0.0048828125
20180109-090849-2.jpg,8,8,0.00073289871,0.00062465668,0.00030493736,0.0025997162,0.00038123131,0.00040364265,0.00059700012,0.00092077255,0.99365234
20170714-144338-2.jpg,1,1,0.00032019615,0.99462891,0.00012922287,0.00027775764,0.00012588501,0.00017213821,0.00021600723,0.00057983398,0.0036087036
20170129-103041-0.jpg,8,8,0.00029110909,0.00098133087,0.00029754639,0.00029706955,0.00014424324,0.00013041496,0.00010716915,0.00026512146,0.99755859
20171025-081635-2.jpg,3,3,0.00050115585,0.0006942749,0.00039696693,0.97753906,0.00057077408,0.00043678284,0.00031161308,0.00077438354,0.019012451
20180109-095335-2.jpg,8,8,0.00039029121,0.00013697147,0.00011861324,0.00021350384,0.00015854836,8.970499e-05,5.4776669e-05,0.00026249886,0.99853516
20170704-154408-0.jpg,7,7,0.043395996,0.0042037964,0.0005364418,0.00097370148,0.00038719177,0.0021705627,0.0022201538,0.93505859,0.011199951
20171218-103204-3.jpg,8,8,0.00011515617,0.00012731552,7.9929829e-05,0.00010102987,7.9870224e-05,7.9989433e-05,0.00010788441,0.000192523,0.99902344
20170913-121615-1.jpg,5,5,0.00070047379,0.00051641464,0.00038838387,0.001285553,0.00031638145,0.99121094,0.00030755997,0.00039219856,0.0050888062
20180125-102143-1.jpg,8,8,0.00018727779,0.00024628639,0.00020968914,0.00014162064,0.00010341406,0.00032067299,0.0013532639,0.00033092499,0.99707031
20170127-101203-0.jpg,1,1,0.00033211708,0.99414062,0.00020265579,0.0002655983,0.00017523766,0.00018012524,0.00040888786,0.00031399727,0.0039138794
20170718-131836-2.jpg,7,7,0.0028591156,0.0049819946,0.00040197372,0.0015001297,0.00038385391,0.0005979538,0.00049257278,0.97802734,0.01083374
20170727-112520-3.jpg,4,4,0.00019240379,0.0001128912,0.016082764,0.00029444695,0.97167969,0.00015830994,0.00018537045,0.0001860857,0.01096344
20170920-171408-3.jpg,2,2,0.00016736984,0.00017726421,0.99609375,0.00020384789,0.00049972534,0.00012743473,0.00016033649,0.00021076202,0.0025634766
20180322-103605-2.jpg,8,8,9.906292e-05,0.0001052618,6.6518784e-05,0.00012201071,8.481741e-05,8.0168247e-05,7.7784061e-05,0.00017333031,0.99902344
20171205-134654-2.jpg,8,8,0.00030660629,0.00027894974,0.00014829636,0.00030636787,0.00018239021,0.00019800663,0.00014829636,0.00046634674,0.99804688
20180112-072025-2.jpg,8,8,0.0020618439,0.00033378601,0.00025558472,0.00056838989,0.00026273727,0.00018763542,0.00011980534,0.00025200844,0.99609375
20171102-122550-3.jpg,2,2,0.00020861626,0.00018024445,0.99414062,0.00020909309,0.00058937073,0.00019276142,0.00016188622,0.00026249886,0.0042800903
20170718-133003-2.jpg,7,7,0.00026583672,0.00016641617,7.635355e-05,0.0012083054,7.7724457e-05,6.5207481e-05,8.2552433e-05,0.97900391,0.018829346
20180119-104954-2.jpg,8,8,0.00023937225,0.0023384094,8.9228153e-05,0.00015366077,7.891655e-05,0.00033140182,0.0001732111,0.00027179718,0.99609375
20180112-093208-1.jpg,8,8,0.00020945072,0.00016832352,0.00014805794,0.00020003319,0.00012767315,7.9095364e-05,0.00011885166,0.00036239624,0.99853516
20170913-104511-1.jpg,3,3,0.00031971931,0.00025701523,0.00029778481,0.65771484,0.00079154968,0.00016784668,0.0001244545,0.00040793419,0.33984375
20170714-133654-1.jpg,1,1,0.0011024475,0.98535156,0.00035595894,0.0020999908,0.00034785271,0.00068712234,0.0018310547,0.0018663406,0.0063896179
20171113-120222-1.jpg,6,6,0.00011616945,0.00022983551,0.00023949146,9.2804432e-05,0.00024163723,0.0001500845,0.99414062,0.00023293495,0.0045509338
20171203-174458-3.jpg,8,8,0.00061798096,0.0035381317,0.00013506413,0.00022578239,0.00017893314,0.0008482933,0.0010499954,0.00068807602,0.99267578
20180105-094800-3.jpg,8,8,0.00011646748,8.3506107e-05,0.0001462698,7.2181225e-05,0.00010544062,8.8989735e-05,0.0001899004,0.00020098686,0.99902344
20170522-123505-0.jpg,1,1,0.0007109642,0.98925781,0.00016522408,0.00061559677,0.00015497208,0.00024211407,0.00036978722,0.00061035156,0.0078735352
20170727-164318-1.jpg,4,4,0.00062084198,0.00017678738,0.00065326691,0.00040793419,0.98876953,0.0002412796,0.00022447109,0.00042462349,0.0085144043
20171113-134556-3.jpg,6,6,9.2566013e-05,0.00015604496,0.00013530254,7.7784061e-05,0.0001386404,7.6711178e-05,0.97412109,0.000243783,0.024871826
20180112-092602-2.jpg,8,8,0.00028753281,0.00016379356,0.00034403801,0.00081443787,0.00021064281,0.00013828278,8.5473061e-05,0.00035071373,0.99755859
20171121-072742-1.jpg,6,6,0.00018882751,0.00041031837,0.00010353327,9.5784664e-05,0.00013482571,9.3877316e-05,0.99511719,0.00024092197,0.0033855438
20180112-093758-2.jpg,8,8,0.00019812584,0.00014293194,8.6724758e-05,0.00019335747,0.00012362003,0.00011843443,9.7692013e-05,0.0002758503,0.99853516
20180109-072659-1.jpg,8,8,0.00014603138,0.00010418892,8.4400177e-05,7.6472759e-05,9.3877316e-05,6.6876411e-05,0.00042366982,0.0002373457,0.99853516
20171218-110553-3.jpg,8,8,0.00022888184,0.0003080368,0.00016379356,0.00016307831,9.4115734e-05,0.00041866302,7.969141e-05,0.00024402142,0.99853516
20170727-125859-3.jpg,4,4,0.00028967857,0.00018012524,0.00051879883,0.00036787987,0.99169922,0.00021350384,0.0002259016,0.00028419495,0.0063247681
20171113-145131-1.jpg,6,6,0.00055074692,0.0010299683,0.0004336834,0.00024747849,0.0005774498,0.00032663345,0.97949219,0.00076913834,0.016616821
20170217-115511-0.jpg,7,7,0.00029635429,0.0002887249,0.00019466877,0.0002553463,0.00014710426,0.00020802021,0.00018811226,0.99511719,0.0034885406
20180112-091952-1.jpg,8,8,0.00021910667,0.00017702579,9.3460083e-05,0.00016880035,9.0956688e-05,9.0003014e-05,0.00012111664,0.00034189224,0.99853516
20180109-095946-1.jpg,8,8,0.00021314621,0.00014197826,7.6532364e-05,0.00019538403,8.5353851e-05,7.7903271e-05,7.8499317e-05,0.00039386749,0.99853516
20170707-110656-0.jpg,7,7,0.000623703,0.0003464222,0.00022864342,0.0008149147,0.00017297268,0.00024843216,8.9228153e-05,0.99365234,0.0037155151
20171203-170858-3.jpg,8,8,9.8586082e-05,0.00022697449,7.2062016e-05,0.00010311604,7.7903271e-05,0.00011992455,0.00012385845,0.00025010109,0.99902344
20180125-132343-2.jpg,8,8,7.5101852e-05,6.5684319e-05,5.3524971e-05,7.2419643e-05,5.1438808e-05,6.2584877e-05,5.0246716e-05,9.6440315e-05,0.99951172
20180119-114449-1.jpg,8,8,0.00024092197,0.00063991547,0.00023508072,0.00022518635,0.00013387203,0.0001424551,0.00061845779,0.00065612793,0.99707031
20180112-101001-2.jpg,8,8,0.00043082237,0.00014555454,0.00014340878,0.00016081333,0.00032091141,0.00010830164,0.00014233589,0.00044202805,0.99804688
20170906-110809-2.jpg,3,3,0.0006146431,0.00036859512,0.00031781197,0.99169922,0.00058317184,0.00028252602,0.0001899004,0.0011796951,0.004825592
20180105-103649-2.jpg,8,8,0.0001219511,5.7995319e-05,7.0989132e-05,9.226799e-05,0.00010222197,8.9585781e-05,0.00025105476,0.00024914742,0.99902344
20171203-164941-3.jpg,8,8,0.00065231323,0.0011758804,0.00011134148,0.00031971931,0.00039172173,0.00013744831,0.00024461746,0.00038480759,0.99658203
20180322-104029-1.jpg,8,8,9.2148781e-05,8.8989735e-05,7.8082085e-05,0.00017082691,0.00011324883,6.5743923e-05,6.4015388e-05,0.00014054775,0.99902344
20171219-101744-3.jpg,8,8,0.00014567375,0.00011181831,8.9585781e-05,0.00021779537,6.0915947e-05,0.00013685226,8.058548e-05,0.00020360947,0.99902344
20170410-154255-0.jpg,0,8,0.080566406,0.00021255016,0.00013196468,0.00049734116,9.6738338e-05,0.00058937073,6.210804e-05,0.0065307617,0.91113281
20171113-120024-1.jpg,6,6,0.0001745224,0.00038790703,0.00015258789,9.8586082e-05,0.00017750263,7.7664852e-05,0.98242188,0.00030517578,0.015975952
20170217-100235-0.jpg,7,7,0.00046014786,0.00031042099,0.00011575222,0.00032782555,0.00011765957,0.00017154217,0.00015699863,0.99511719,0.0030441284
20180112-071548-2.jpg,8,8,0.00022649765,0.00027656555,0.00012731552,0.00079393387,0.00020098686,0.00015294552,0.00017392635,0.0003452301,0.99755859
20170811-131105-1.jpg,0,0,0.98925781,0.00045132637,0.00082778931,0.00069475174,0.00072383881,0.0023937225,0.00054311752,0.0012483597,0.0040435791
20170906-113428-2.jpg,3,3,0.0007982254,0.00088500977,0.00067234039,0.99023438,0.0010576248,0.00040149689,0.00040864944,0.00084018707,0.0047187805
20171025-090420-1.jpg,3,3,0.00049686432,0.00041413307,0.00031304359,0.99365234,0.0005273819,0.00016582012,0.00041270256,0.00044417381,0.0035705566
20170706-112654-0.jpg,7,7,0.00076580048,0.00088357925,0.00040960312,0.00074481964,0.00027656555,0.00071048737,0.00037884712,0.97851562,0.017532349
20180112-092509-2.jpg,8,8,0.00016915798,0.0001013279,0.00017619133,0.00017297268,7.9989433e-05,8.4638596e-05,5.3048134e-05,0.00022375584,0.99902344
20180105-101155-2.jpg,8,8,0.00012481213,0.00011533499,0.00011897087,0.00011277199,0.00013995171,0.00011134148,0.00042271614,0.00021338463,0.99853516
20171102-122856-2.jpg,2,2,0.00025105476,0.00024020672,0.99267578,0.0002348423,0.00090312958,0.00023639202,0.00022208691,0.0003721714,0.0046234131
20180125-100745-2.jpg,8,8,7.0214272e-05,5.698204e-05,6.7055225e-05,0.00021922588,3.9160252e-05,8.5234642e-05,0.00010609627,9.1552734e-05,0.99902344
20170920-180912-1.jpg,2,2,0.00034236908,0.00039839745,0.99121094,0.00032162666,0.0013217926,0.00026345253,0.00037074089,0.00047540665,0.0050811768
20170913-102124-1.jpg,3,3,0.00045633316,0.0003824234,0.00033593178,0.99316406,0.00063657761,0.00099182129,0.00018048286,0.00042963028,0.0031929016
20171203-172058-3.jpg,8,8,0.00021517277,0.00017619133,0.00025773048,0.00026154518,0.00015377998,0.00013256073,8.8095665e-05,0.00019276142,0.99853516
20171217-183625-2.jpg,8,8,0.0061569214,0.0009226799,0.00034952164,0.00077676773,0.00077533722,0.00057125092,0.00021278858,0.0020122528,0.98828125
20171203-165343-3.jpg,8,8,0.00066614151,0.0051498413,0.00021910667,0.0003323555,0.00020539761,0.00028991699,0.00040793419,0.00091695786,0.99169922
20170714-112128-3.jpg,1,1,0.00066328049,0.99267578,0.00021195412,0.00031638145,0.00028133392,0.00025653839,0.00027394295,0.0011587143,0.0039367676
20171113-133059-3.jpg,6,6,0.00016689301,0.00026369095,0.00025939941,0.00012493134,0.00032639503,0.00015842915,0.99511719,0.00031471252,0.003118515
20171102-094016-2.jpg,4,4,0.0015535355,0.00087928772,0.0010871887,0.002986908,0.85253906,0.00039792061,0.00033450127,0.00066328049,0.1394043
20170127-102411-0.jpg,1,1,0.00052595139,0.99316406,0.00013792515,0.00038123131,0.00015103817,0.00019240379,0.00019299984,0.00034093857,0.0051002502
20180322-132617-1.jpg,8,8,7.5995922e-05,6.5326691e-05,7.1167946e-05,0.00012910366,6.7234039e-05,5.7160854e-05,6.3300133e-05,0.00013029575,0.99951172
20170315-084914-0.jpg,8,8,0.00024032593,0.00018191338,0.00026607513,0.00028777122,0.00016891956,0.00016033649,0.00011122227,0.00018692017,0.99853516
20170913-102124-2.jpg,3,3,0.00039339066,0.00036096573,0.00032019615,0.99316406,0.00077962875,0.00073575974,0.00021266937,0.0004491806,0.0035266876
20170920-185416-1.jpg,2,2,0.00020217896,0.00019943714,0.99462891,0.00026059151,0.00066518784,0.00017404556,0.00021886826,0.0002450943,0.0031852722
20171219-105822-3.jpg,8,8,0.0053367615,0.0047264099,0.0023269653,0.010246277,0.017593384,0.0017700195,0.00033378601,0.033782959,0.92382812
20171113-102155-3.jpg,5,5,0.00036501884,0.00033593178,0.00026416779,0.0002143383,0.0002374649,0.99414062,0.00017356873,0.00035738945,0.0038013458
20170217-095312-0.jpg,7,7,0.00041913986,0.00024187565,0.00011533499,0.00018513203,8.0764294e-05,0.0001758337,0.00019788742,0.99560547,0.002904892
20170728-122555-3.jpg,4,4,0.0003683567,0.00022101402,0.00054550171,0.00050497055,0.99316406,0.00025343895,0.00020051003,0.00033998489,0.0044784546
20180112-074614-2.jpg,8,8,0.00037884712,0.00049734116,0.00016105175,0.00087165833,0.00014257431,0.00014960766,0.00012552738,0.00064945221,0.99707031
20170811-102345-1.jpg,0,0,0.97167969,0.0005645752,0.0004658699,0.00097846985,0.0019397736,0.0003349781,0.00084018707,0.0024318695,0.020904541
20170811-130615-1.jpg,0,0,0.99414062,0.00092601776,0.00036454201,0.0002951622,0.00041294098,0.00023531914,0.00021743774,0.0004029274,0.0031147003
20180119-104600-1.jpg,8,8,0.00010865927,0.00019228458,9.4592571e-05,9.6559525e-05,6.9141388e-05,8.72612e-05,0.00017523766,0.00027108192,0.99902344
20170913-104050-2.jpg,3,3,0.00059270859,0.00032067299,0.00029659271,0.99023438,0.00052309036,0.0038585663,0.00027561188,0.00044608116,0.003370285
20170705-162153-0.jpg,7,7,0.0021705627,0.0097045898,0.00013065338,0.00048446655,0.00015485287,0.00023114681,0.00022220612,0.97363281,0.013511658
20180125-135642-3.jpg,8,8,0.00023829937,0.00025415421,0.00016522408,0.00017917156,0.00011259317,0.00010472536,0.00015079975,0.00070953369,0.99804688
20170210-132220-0.jpg,0,0,0.96044922,0.00044465065,0.025222778,0.00080394745,0.0025177002,0.00088882446,0.0004761219,0.0016937256,0.0074157715
20170714-120008-1.jpg,1,1,0.0010538101,0.99072266,0.00028586388,0.00072813034,0.00029349327,0.00054264069,0.00034093857,0.0010766983,0.0049934387
20170501-144912-0.jpg,8,8,0.00016713142,0.00028657913,4.9412251e-05,9.8705292e-05,4.4286251e-05,0.00026297569,6.1571598e-05,0.00062513351,0.99853516
20170126-095837-0.jpg,1,1,0.00050258636,0.98779297,0.00041866302,0.00087213516,0.00037693977,0.00056362152,0.0007443428,0.00088357925,0.0076408386
20180109-094902-1.jpg,8,8,0.00022184849,0.00015127659,0.00010561943,0.00029158592,0.00011199713,0.00010877848,0.00011909008,0.0003080368,0.99853516
20180322-130742-1.jpg,8,8,7.1108341e-05,6.7949295e-05,9.1075897e-05,0.00018334389,0.00010621548,7.8618526e-05,9.137392e-05,0.00010073185,0.99902344
20180109-091943-2.jpg,8,8,0.0023880005,5.2511692e-05,7.8499317e-05,0.00011891127,0.00011646748,9.304285e-05,0.0001373291,0.00016236305,0.99707031
20171220-090155-2.jpg,8,8,0.00017213821,0.0002194643,0.00010198355,0.00019967556,0.00010615587,0.00013804436,0.00013494492,0.00028395653,0.99853516
20170217-143520-0.jpg,7,7,0.00065994263,0.00046014786,0.00016617775,0.00033831596,0.00015032291,0.0003426075,0.00028443336,0.99365234,0.0040969849
20170718-095128-2.jpg,0,0,0.97998047,0.00030946732,0.00035071373,0.0014505386,0.00048112869,0.00034332275,0.00035619736,0.0039138794,0.012634277
20171102-103056-1.jpg,2,2,0.00034022331,0.0002155304,0.99121094,0.0003118515,0.0010948181,0.00022614002,0.00020730495,0.00045919418,0.0058135986
20171220-100216-2.jpg,8,8,0.0019044876,0.00020599365,0.00025439262,0.00030732155,0.0001039505,0.00020515919,7.301569e-05,0.00030565262,0.99658203
20171218-110217-3.jpg,8,8,0.00017666817,0.00046110153,9.8347664e-05,9.4056129e-05,6.0200691e-05,0.00021278858,0.00010329485,0.00018024445,0.99853516
20171025-093900-3.jpg,3,3,0.0011234283,0.00035047531,0.0096511841,0.87304688,0.0091171265,0.00037670135,0.00044560432,0.0011415482,0.1048584
20171102-115337-1.jpg,2,2,0.00036025047,0.00029420853,0.99121094,0.00043916702,0.0016889572,0.00035119057,0.00031447411,0.00045681,0.0048713684
20170920-155912-3.jpg,2,2,0.00029349327,0.00020253658,0.99267578,0.00039553642,0.00056266785,0.00020194054,0.00017654896,0.00026512146,0.005317688
20180125-132229-2.jpg,8,8,0.00019836426,0.00014412403,5.9127808e-05,0.00013530254,5.6445599e-05,0.00011324883,6.4969063e-05,0.00038933754,0.99902344
20170728-155132-1.jpg,4,4,0.00029754639,0.00017333031,0.00065565109,0.0004658699,0.99316406,0.00022232533,0.00019419193,0.00027370453,0.0045318604
20171122-101924-1.jpg,5,5,0.00070953369,0.00081253052,0.00025177002,0.00032734871,0.00028610229,0.96582031,0.00044465065,0.00080871582,0.03062439
20180125-093418-2.jpg,8,8,0.00012588501,0.00012755394,7.9929829e-05,0.00011628866,8.0764294e-05,7.7843666e-05,8.3684921e-05,0.00019872189,0.99902344
20171219-105614-2.jpg,8,8,0.00021886826,0.00025939941,0.00015175343,0.00022530556,0.0001718998,0.00010716915,9.4473362e-05,0.00025606155,0.99853516
20180109-073157-2.jpg,8,8,0.000177145,0.00018668175,0.00018620491,0.00014877319,0.0001604557,9.0360641e-05,0.0016231537,0.00024867058,0.99707031
20171212-094107-3.jpg,8,8,0.00012850761,0.00015449524,7.9751015e-05,0.00023376942,7.1644783e-05,0.00015163422,8.1539154e-05,0.00016236305,0.99902344
20171121-090353-3.jpg,6,6,0.00033521652,0.00044679642,0.00033998489,0.00022816658,0.00045990944,0.00024938583,0.98828125,0.00039172173,0.0091400146
20180112-070725-2.jpg,8,8,0.00019752979,0.00024485588,8.6128712e-05,0.00079631805,0.00016927719,0.00021159649,0.00016057491,0.00023603439,0.99804688
20180125-092822-2.jpg,8,8,0.00014603138,0.00016152859,6.6697598e-05,9.5367432e-05,7.212162e-05,0.00011205673,0.00012218952,0.00021159649,0.99902344
20180112-072137-2.jpg,8,8,0.00021529198,9.6619129e-05,3.2484531e-05,0.00062322617,0.00010734797,9.2208385e-05,6.6101551e-05,0.00023066998,0.99853516
20180322-112403-2.jpg,8,8,9.6261501e-05,7.5817108e-05,6.2167645e-05,0.00011587143,8.0168247e-05,5.3346157e-05,5.5074692e-05,0.00013291836,0.99951172
20180112-075900-2.jpg,8,8,0.00010937452,0.00019276142,8.3386898e-05,0.00060462952,0.00010019541,0.00014531612,0.00013279915,0.00023937225,0.99853516
20180109-075317-1.jpg,8,8,0.00017619133,0.00026941299,0.00029754639,0.00026702881,0.00020396709,0.00015842915,0.00066232681,0.00044798851,0.99755859
20171113-155924-0.jpg,6,6,0.00020956993,0.00075626373,0.00017261505,0.00011700392,0.00024223328,0.00013911724,0.99560547,0.00035381317,0.0024108887
20180109-100358-2.jpg,8,8,0.00024461746,0.00034165382,0.0010566711,0.00037503242,0.00073432922,0.00011575222,0.00013828278,0.00042176247,0.99658203
20171212-095905-1.jpg,8,8,0.00026488304,0.00069046021,0.00013649464,0.00026392937,9.7036362e-05,0.00011694431,8.9049339e-05,0.00030589104,0.99804688
20171205-145217-2.jpg,8,8,0.0005068779,0.0018157959,0.0009393692,0.00069999695,0.00031232834,0.0039329529,0.00027394295,0.00068616867,0.99072266
20170705-161651-0.jpg,7,7,0.0011472702,0.00029993057,0.00028657913,0.00077390671,0.00023293495,0.00032258034,0.00013446808,0.99023438,0.0068092346
20170728-120037-2.jpg,4,4,0.00035572052,0.00016534328,0.00061178207,0.00035715103,0.99365234,0.00022947788,0.00019550323,0.00034213066,0.0042304993
20171203-172251-3.jpg,8,8,0.00029325485,0.00037908554,0.00012552738,0.00028252602,0.00016796589,8.1837177e-05,0.00036907196,0.00073385239,0.99755859
20171113-102257-1.jpg,5,5,0.13562012,0.0044212341,0.00077295303,0.0012521744,0.0009560585,0.43530273,0.0058898926,0.0018825531,0.41381836
20171025-081111-2.jpg,7,7,0.00036668777,0.00020837784,0.0001707077,0.0083084106,0.00016534328,0.00017142296,0.00014925003,0.98681641,0.0037651062
20180119-113809-2.jpg,8,8,0.00015246868,0.00027370453,8.2492828e-05,9.894371e-05,6.6757202e-05,0.00034213066,0.00016915798,0.00018119812,0.99853516
20171113-152255-0.jpg,6,6,0.00020575523,0.00039792061,0.00027132034,0.00010365248,0.00028657913,0.00015199184,0.99560547,0.000248909,0.0026435852
20170217-113124-0.jpg,7,7,0.0004401207,0.00036168098,0.00016248226,0.00036048889,0.00015556812,0.00024271011,0.00019681454,0.99511719,0.0031547546
20180322-104140-2.jpg,8,8,0.001707077,0.00057458878,0.00086545944,0.0022602081,0.018325806,0.00053977966,0.00046372414,0.00099372864,0.97412109
20180109-095936-1.jpg,8,8,0.00071239471,0.00015628338,0.0001270771,0.00042319298,0.00015318394,0.00012171268,0.00012910366,0.00049448013,0.99755859
20171109-092312-1.jpg,5,5,0.00044035912,0.00050830841,0.00029492378,0.00031137466,0.00033426285,0.99169922,0.000259161,0.00051164627,0.0057373047
20170811-132457-1.jpg,0,0,0.98925781,0.00025510788,0.00028824806,0.00039219856,0.00031542778,0.00046491623,0.00018942356,0.00065374374,0.0081481934
20170715-115848-1.jpg,1,1,0.00025653839,0.99609375,0.00019466877,0.00029850006,0.00016057491,0.00016796589,0.00024163723,0.00035715103,0.0023078918
20180105-101007-2.jpg,8,8,0.00016570091,0.00018334389,0.00020503998,0.00010114908,0.00023257732,0.00012081861,0.0044593811,0.00026988983,0.99414062
20180322-131925-1.jpg,8,8,9.5665455e-05,8.6426735e-05,5.3584576e-05,0.00010609627,7.8976154e-05,6.1929226e-05,7.0750713e-05,0.00019145012,0.99902344
20170729-093539-2.jpg,4,4,0.00031471252,0.00016903877,0.0005273819,0.0003926754,0.99462891,0.00020098686,0.0001963377,0.00033020973,0.0032501221
20180112-091928-2.jpg,8,8,0.0002168417,0.00011622906,0.00010311604,0.00021207333,7.5995922e-05,7.9035759e-05,4.4465065e-05,0.00030779839,0.99902344
20170920-191022-1.jpg,2,2,0.00023818016,0.00024104118,0.99365234,0.00021207333,0.00054788589,0.00016009808,0.00020885468,0.00028514862,0.0044441223
20171113-093016-3.jpg,5,5,0.00032925606,0.00034093857,0.00019550323,0.00021743774,0.00018024445,0.99609375,0.00019395351,0.00034928322,0.0022239685
20180125-093357-1.jpg,8,8,7.6115131e-05,0.00010114908,6.967783e-05,0.0001116395,0.00010722876,6.2942505e-05,7.9393387e-05,9.6917152e-05,0.99951172
20171025-075224-3.jpg,3,3,0.0007982254,0.0014944077,0.00041699409,0.98242188,0.00064134598,0.00034713745,0.0002682209,0.00051641464,0.013175964
20170217-100826-0.jpg,7,7,0.0006814003,0.00063848495,0.0001667738,0.00030565262,0.00012207031,0.00033760071,0.00024414062,0.99267578,0.0046577454
20180109-101554-2.jpg,8,8,0.0020809174,0.00067424774,0.050231934,0.007144928,0.01953125,0.00049448013,0.00037169456,0.0028820038,0.91650391
20170727-113738-1.jpg,4,4,0.00041127205,0.00024676323,0.0018291473,0.00044584274,0.98974609,0.00024151802,0.00028681755,0.00048208237,0.0063743591
20180109-075135-2.jpg,8,8,0.00014793873,0.00011068583,0.0007853508,0.0001142025,0.00022757053,9.2923641e-05,0.00069618225,0.00022602081,0.99755859
20170501-144755-0.jpg,8,8,0.00061750412,0.00233078,5.5611134e-05,0.00047373772,4.3332577e-05,0.00039243698,0.00026345253,0.0020771027,0.99365234
20171109-085908-2.jpg,5,5,0.00047469139,0.00071907043,0.00032281876,0.00032663345,0.00034689903,0.98876953,0.00070858002,0.0005812645,0.007648468
20180125-093838-1.jpg,8,8,8.6426735e-05,9.6321106e-05,6.9260597e-05,9.6619129e-05,7.7903271e-05,8.559227e-05,9.5009804e-05,0.00014019012,0.99902344
20180125-095610-1.jpg,8,8,0.00032877922,0.00013029575,0.00011843443,0.00013136864,0.00011593103,0.00080251694,0.000248909,0.00023663044,0.99804688
20171113-101853-3.jpg,5,5,0.00033307076,0.000207901,0.00024020672,0.00021576881,0.00018870831,0.99609375,0.00014138222,0.00034809113,0.0021057129
20180112-092031-2.jpg,8,8,0.00012481213,7.8201294e-05,9.0301037e-05,0.00018787384,7.5280666e-05,9.5069408e-05,5.1677227e-05,0.00017642975,0.99902344
20170727-171838-3.jpg,4,4,0.0011720657,0.00092458725,0.00031399727,0.00046873093,0.97998047,0.00034213066,0.00026011467,0.00023043156,0.016281128
20171113-151910-1.jpg,6,6,0.00020587444,0.00017464161,0.00018692017,9.5486641e-05,0.00023138523,6.7293644e-05,0.99316406,0.00017857552,0.0054512024
20171113-061216-1.jpg,6,6,0.00029230118,0.00031089783,0.000831604,0.00019621849,0.00045585632,0.00014662743,0.89697266,0.00029349327,0.10028076
20170727-144629-1.jpg,4,4,0.00029301643,0.00024414062,0.00073337555,0.00058698654,0.99169922,0.00028824806,0.00022983551,0.00038647652,0.0053405762
20171203-172811-3.jpg,8,8,0.00021517277,0.00057601929,7.5340271e-05,0.0001090765,5.6087971e-05,6.711483e-05,9.0360641e-05,0.00012779236,0.99853516
20170704-151247-0.jpg,7,7,0.0031661987,0.002286911,0.0002758503,0.00097751617,0.0002515316,0.00029659271,0.00018596649,0.98828125,0.0042991638
20180125-093256-1.jpg,8,8,6.7770481e-05,7.0750713e-05,6.5624714e-05,9.8824501e-05,0.0001167655,4.7624111e-05,7.1823597e-05,8.3267689e-05,0.99951172
20170715-164851-1.jpg,1,1,0.00031733513,0.99414062,0.00019717216,0.00037503242,0.00014507771,0.00025320053,0.00022935867,0.00039935112,0.0041046143
20171220-093340-2.jpg,8,8,0.00020802021,0.00039696693,9.5486641e-05,0.00011599064,5.9008598e-05,0.00015258789,0.00019443035,0.00025439262,0.99853516
20171212-100701-3.jpg,8,8,0.00034666061,0.00027990341,0.00021207333,0.00049972534,0.00014936924,0.00015473366,0.0001052618,0.000852108,0.99755859
20170906-114413-4.jpg,3,3,0.0012712479,0.00049591064,0.00077915192,0.98925781,0.0015487671,0.00031495094,0.00019204617,0.00048279762,0.005531311
20170804-131944-1.jpg,0,0,0.98876953,0.00054788589,0.00037503242,0.0011177063,0.00032329559,0.00072002411,0.00044202805,0.0027732849,0.0050125122
20170501-144018-0.jpg,1,1,0.00076532364,0.93994141,0.0003092289,0.00032734871,0.00017213821,0.0005903244,0.00050497055,0.00086069107,0.05645752
20171220-084046-3.jpg,8,8,0.00027346611,0.00031161308,0.0001553297,0.00028276443,0.00019991398,0.00037074089,0.00014412403,0.00050163269,0.99755859
20170920-113851-3.jpg,2,2,0.00032019615,0.00029158592,0.9921875,0.00039887428,0.0019445419,0.00019776821,0.00027894974,0.0003824234,0.0038318634
20171102-121033-3.jpg,2,2,0.00022673607,0.00024652481,0.99365234,0.00019443035,0.00058460236,0.00020301342,0.00021612644,0.0002644062,0.0042724609
20171113-133848-1.jpg,6,6,0.0057182312,0.00093841553,0.00020515919,0.00019645691,0.00065851212,0.0003182888,0.95458984,0.0012454987,0.03616333
20180105-104711-1.jpg,8,8,0.00012075901,9.0956688e-05,0.00019872189,0.00012612343,0.0001231432,7.635355e-05,0.00047230721,0.00015461445,0.99853516
20170913-103319-3.jpg,5,5,0.00043129921,0.00025033951,0.0003926754,0.0010318756,0.00041532516,0.99267578,0.00047230721,0.00038433075,0.0039176941
20170706-113419-0.jpg,7,7,0.0012025833,0.0010738373,0.00038933754,0.00074768066,0.00027394295,0.00041413307,0.00024867058,0.97070312,0.025024414
20171109-071541-3.jpg,5,5,0.00025177002,0.00022387505,0.00022816658,0.0002425909,0.0002477169,0.99609375,0.00018930435,0.00037527084,0.0020427704
20180109-090543-2.jpg,8,8,0.00058698654,0.00018048286,9.5009804e-05,0.00028395653,7.635355e-05,0.00013232231,7.2538853e-05,0.00044846535,0.99804688
20170906-104758-1.jpg,3,3,0.001953125,0.00072669983,0.00068473816,0.98095703,0.0056495667,0.00048971176,0.00034141541,0.0014686584,0.0077133179
20171113-120119-1.jpg,6,6,0.00019311905,0.00026965141,0.00029730797,0.00013136864,0.00032138824,0.00017273426,0.99462891,0.00026321411,0.0039367676
20170705-165122-0.jpg,7,7,0.00089263916,0.0004594326,0.00017309189,0.00055408478,0.00021028519,0.00023186207,0.0001642704,0.99023438,0.0072555542
20170920-113312-3.jpg,2,2,0.00031590462,0.0002412796,0.99267578,0.00037360191,0.0019760132,0.00018191338,0.00028562546,0.00033521652,0.0035839081
20170913-095836-2.jpg,3,3,0.0035037994,0.0012998581,0.0030765533,0.92871094,0.044128418,0.0022220612,0.00090122223,0.0026226044,0.013664246
20170718-100410-2.jpg,0,0,0.80078125,0.012512207,0.0003247261,0.001244545,0.00041770935,0.00021886826,0.00056409836,0.0034122467,0.18041992
20180109-070932-2.jpg,8,8,0.00011122227,0.00011408329,0.00011211634,0.00016450882,0.00010716915,8.0347061e-05,0.00042796135,0.00023877621,0.99853516
20180109-103017-1.jpg,8,8,0.00017440319,0.00021016598,9.8347664e-05,0.00011438131,0.00013279915,0.00011968613,0.00036334991,0.0003361702,0.99853516
20171109-095002-2.jpg,5,5,0.00092792511,0.0037708282,0.0007185936,0.00073432922,0.00073862076,0.97412109,0.0011024475,0.0010347366,0.016891479
20170718-101956-2.jpg,0,0,0.73583984,0.0020751953,0.00039124489,0.00056695938,0.00034594536,0.0013656616,0.00034189224,0.15844727,0.10076904
20180109-070037-1.jpg,8,8,0.00013887882,0.00024282932,0.00022423267,0.00012493134,0.00022292137,0.00011259317,0.0022468567,0.00031852722,0.99658203
20170217-120051-0.jpg,0,0,0.99316406,0.00016665459,0.00023901463,0.00032639503,0.00025892258,0.00032901764,0.00019562244,0.00040197372,0.0049285889
20171219-095916-2.jpg,8,8,0.00022268295,0.00044059753,7.5340271e-05,0.00015079975,7.2419643e-05,0.00017821789,0.00011044741,0.00021457672,0.99853516
20171113-134247-3.jpg,6,6,0.003900528,0.001909256,0.0015239716,0.0035686493,0.0025939941,0.00037741661,0.93310547,0.0015583038,0.051605225
20170610-123533-0.jpg,1,1,0.00062322617,0.99511719,0.00018012524,0.00025439262,0.00017797947,0.00027251244,0.00050115585,0.00063991547,0.0022563934
20171217-103317-2.jpg,8,8,0.00023174286,0.00019025803,0.00029230118,0.00018823147,0.00015497208,0.00026679039,0.00010842085,0.00014901161,0.99853516
20180119-110301-2.jpg,8,8,0.00021147728,0.00016462803,9.6678734e-05,9.8586082e-05,8.1777573e-05,8.1479549e-05,9.739399e-05,0.00035381317,0.99902344
20171203-172202-3.jpg,8,8,0.00017726421,0.00018107891,6.955862e-05,0.00015413761,6.4313412e-05,9.9420547e-05,6.9141388e-05,0.00033187866,0.99902344
20180125-134614-3.jpg,8,8,0.0001963377,0.00016057491,0.0001616478,0.00019216537,0.00012695789,8.2910061e-05,0.00023698807,0.00041913986,0.99853516
20170315-084949-0.jpg,8,8,0.00051641464,0.00027322769,0.00021088123,0.00046038628,0.00015211105,0.00015044212,0.00011265278,0.0012245178,0.99707031
20171025-095706-2.jpg,3,3,0.00064134598,0.00042080879,0.00052595139,0.9921875,0.00066661835,0.00039339066,0.00027322769,0.00066423416,0.0041618347
20171205-123820-2.jpg,8,8,0.00015246868,0.00014710426,8.3088875e-05,0.00018703938,8.7678432e-05,0.00023531914,6.0796738e-05,0.00021088123,0.99902344
20171109-093217-1.jpg,5,5,0.00031805038,0.00033855438,0.00018596649,0.000248909,0.00017166138,0.99267578,0.00025463104,0.00041890144,0.0051689148
20180112-092849-2.jpg,8,8,0.00023949146,0.00020885468,9.6082687e-05,0.00021994114,8.3625317e-05,7.879734e-05,5.6862831e-05,0.00034284592,0.99853516
20170727-170549-1.jpg,4,4,0.00038051605,0.00021624565,0.00054740906,0.00054073334,0.99169922,0.00022423267,0.00018525124,0.0002784729,0.0061302185
20170315-090727-0.jpg,8,8,0.00021600723,0.0016050339,0.00010949373,0.00010144711,7.6413155e-05,0.00022482872,0.00012743473,0.00019180775,0.99755859
20170304-130916-0.jpg,7,7,0.00071144104,0.00036334991,0.00016379356,0.00055456161,0.00017809868,0.00020480156,0.00018036366,0.99365234,0.0038528442
20171109-091644-3.jpg,5,5,0.00017344952,0.00017654896,0.00015759468,0.00020372868,0.00013411045,0.99658203,0.00016105175,0.00024271011,0.0021648407
20170920-183139-1.jpg,2,2,0.00021910667,0.00021612644,0.99414062,0.00022542477,0.00060224533,0.00020432472,0.00021827221,0.00029349327,0.0038509369
20170126-100349-0.jpg,1,1,0.00055551529,0.99365234,0.00018429756,0.00058269501,0.00024485588,0.00041651726,0.00039243698,0.0006570816,0.0030708313
20170128-103847-0.jpg,8,8,0.00026726723,0.00042867661,0.00012242794,0.00040483475,0.00013649464,0.00014078617,0.00013780594,0.00041723251,0.99804688
20170217-121703-0.jpg,0,0,0.99511719,0.00020647049,0.00027012825,0.00030779839,0.0002784729,0.00021111965,0.00022065639,0.00050735474,0.0028553009
20180109-071628-1.jpg,8,8,0.0009765625,6.54459e-05,7.7664852e-05,8.6426735e-05,0.00011616945,8.6843967e-05,0.00018763542,0.00020647049,0.99804688
20170718-101355-2.jpg,0,0,0.72607422,0.0015935898,0.00089073181,0.0037746429,0.010406494,0.00096321106,0.00049972534,0.2175293,0.038513184
20170920-172820-1.jpg,2,2,0.0001912117,0.00016796589,0.99267578,0.00016987324,0.0010280609,7.3552132e-05,8.0168247e-05,0.00024914742,0.0054473877
20180112-093459-1.jpg,8,8,0.00020051003,0.00011646748,0.00010484457,0.00014722347,9.6023083e-05,9.0777874e-05,0.00012052059,0.00023329258,0.99902344
20170304-123621-0.jpg,0,7,0.18347168,0.003868103,0.00067186356,0.00074672699,0.00074386597,0.004699707,0.00033712387,0.41503906,0.390625
20171217-103545-2.jpg,8,8,0.00075626373,0.00064754486,0.00018799305,0.00018751621,0.0001129508,0.00025296211,9.2029572e-05,0.00046062469,0.99707031
20180322-103303-1.jpg,8,8,0.00010514259,0.00010436773,5.6028366e-05,0.0001411438,9.0837479e-05,5.4061413e-05,5.6445599e-05,0.00020122528,0.99902344
20170920-163825-3.jpg,2,2,0.0032558441,0.00030398369,0.90429688,0.019958496,0.0018939972,0.00038647652,0.00022232533,0.00075101852,0.068908691
20170501-144625-0.jpg,8,8,0.003370285,0.0012168884,0.00010693073,0.00068616867,0.0001128912,0.00049972534,0.00012278557,0.0064544678,0.98730469
20171113-132644-1.jpg,6,6,0.00019919872,0.00031590462,0.00014913082,0.00011962652,0.00022673607,0.00012481213,0.99609375,0.00023233891,0.0023536682
20180109-072451-2.jpg,8,8,0.00016546249,7.1167946e-05,0.00012266636,0.00013244152,0.00017929077,8.0168247e-05,0.0002270937,0.00042915344,0.99853516
20170913-120303-2.jpg,5,5,0.00030875206,0.00055551529,0.00025963783,0.00046133995,0.00024437904,0.98925781,0.00024533272,0.0001989603,0.0084915161
20170210-132421-0.jpg,0,0,0.98339844,0.00073671341,0.00067615509,0.00047850609,0.0009188652,0.00060367584,0.00052976608,0.0012683868,0.011604309
20171025-074248-1.jpg,3,3,0.0008225441,0.001127243,0.0007557869,0.98583984,0.0012817383,0.0004901886,0.00049734116,0.00068712234,0.0084075928
20180125-132730-2.jpg,8,8,0.00011396408,9.1433525e-05,7.3730946e-05,0.00012481213,6.1154366e-05,7.0035458e-05,7.0154667e-05,0.00015258789,0.99902344
20170714-111525-2.jpg,1,1,0.00039362907,0.99267578,0.00022864342,0.00046992302,0.0002001524,0.00042128563,0.00040435791,0.00080060959,0.0044021606
20171220-091629-2.jpg,8,8,0.040130615,0.0012454987,0.00017905235,0.0016517639,0.00043034554,0.00067853928,0.00042796135,0.0016708374,0.95361328
20170404-153533-0.jpg,7,7,0.0012159348,0.0021877289,0.00029230118,0.0007019043,0.00024247169,0.00049257278,0.00034594536,0.98779297,0.0065917969
20180109-085317-2.jpg,8,8,0.0010194778,0.0059318542,0.0003683567,0.0014247894,0.00035905838,0.00036692619,0.001115799,0.0012617111,0.98828125
20170705-170149-0.jpg,8,7,0.0011196136,0.0003221035,0.00028419495,0.00074005127,0.0003259182,0.00018274784,0.00020587444,0.98095703,0.016067505
20180105-100314-3.jpg,8,8,7.4744225e-05,6.0379505e-05,5.9843063e-05,6.5863132e-05,5.3167343e-05,6.9737434e-05,0.00019109249,0.00012421608,0.99951172
20180322-121645-2.jpg,8,8,0.00010740757,0.00015497208,6.0319901e-05,0.00016796589,8.4042549e-05,7.5876713e-05,0.00019586086,0.00026679039,0.99902344
20180105-093204-3.jpg,8,8,0.00062465668,0.0014209747,0.0001745224,0.00018250942,0.00025653839,0.00033473969,0.0032539368,0.00069761276,0.99316406
20171203-172701-3.jpg,8,8,0.00022900105,0.0014476776,0.00010102987,0.0003015995,0.0001398325,0.00018632412,0.00018513203,0.00026965141,0.99707031
20171109-074906-3.jpg,5,5,0.00021457672,0.00021290779,0.00013399124,0.00011759996,0.00012266636,0.99560547,0.00019574165,0.00022423267,0.0031433105
20170811-115153-2.jpg,0,0,0.98779297,0.00048875809,0.00020694733,0.00020694733,0.00023305416,0.00024020672,0.00023579597,0.00064086914,0.010154724
20180109-095809-1.jpg,8,8,0.00012648106,0.00011050701,6.3240528e-05,0.00015175343,8.0525875e-05,9.0301037e-05,8.2910061e-05,0.00023853779,0.99902344
20170705-164435-0.jpg,7,7,0.0018520355,0.0003964901,0.00017976761,0.020095825,0.00026988983,0.00013840199,0.00012624264,0.97070312,0.0064125061
20180112-071817-2.jpg,8,8,0.00013530254,0.00016760826,6.788969e-05,0.00071239471,0.00013267994,0.00019538403,0.00012397766,0.00018823147,0.99804688
20171219-102113-3.jpg,8,8,0.0001475811,8.136034e-05,8.2314014e-05,0.00018453598,6.955862e-05,0.00012588501,6.1750412e-05,0.00019550323,0.99902344
20170217-145044-0.jpg,7,7,0.0051841736,0.00030875206,0.00014483929,0.00023055077,0.0001103878,0.00019335747,0.00012803078,0.99023438,0.0035877228
20180112-081232-1.jpg,8,8,0.00013101101,0.00016129017,8.7141991e-05,0.0002117157,9.149313e-05,0.00010049343,9.6917152e-05,0.00029277802,0.99902344
20170714-114758-3.jpg,1,1,0.00038099289,0.99414062,0.00015044212,0.00037074089,0.00012421608,0.00020623207,0.00026488304,0.00051832199,0.003736496
20180125-132623-2.jpg,8,8,8.0823898e-05,6.7830086e-05,5.120039e-05,8.8393688e-05,4.4822693e-05,5.120039e-05,5.0365925e-05,0.00011152029,0.99951172
20180119-115712-2.jpg,8,8,0.00041174889,0.00090456009,0.00010591745,0.00019288063,0.00014281273,0.00038552284,0.00025510788,0.00027632713,0.99755859
20171113-132125-1.jpg,6,6,0.00024461746,0.00035023689,0.00014984608,0.00013279915,0.00019931793,0.00016188622,0.99511719,0.00031065941,0.0032138824
20170920-184837-1.jpg,2,2,0.00020372868,0.00026011467,0.99462891,0.0002412796,0.00072574615,0.00016844273,0.00019598007,0.00023782253,0.0032596588
20170706-112935-0.jpg,7,7,0.0037784576,0.00049066544,0.00017154217,0.00071430206,0.00010102987,0.00032615662,9.2923641e-05,0.97607422,0.018051147
20180109-100203-1.jpg,8,8,0.00028824806,0.0001629591,8.2552433e-05,0.00021982193,0.00010067225,0.00010144711,0.00010603666,0.00047087669,0.99853516
20180112-074323-1.jpg,8,8,0.00011116266,0.00014865398,7.4505806e-05,0.00021016598,7.7724457e-05,0.00010222197,0.00010180473,0.00020229816,0.99902344
20171025-090101-2.jpg,3,3,0.000664711,0.00048017502,0.00041222572,0.9921875,0.0008149147,0.00027918816,0.00020587444,0.00050449371,0.0043754578
20171113-151947-1.jpg,6,6,0.00019955635,0.00024187565,0.00017035007,9.0479851e-05,0.00019419193,0.00011187792,0.99658203,0.00024724007,0.0023498535
20180125-135322-3.jpg,8,8,0.00010442734,0.00015151501,0.00010430813,0.00010567904,7.1763992e-05,6.5684319e-05,9.8407269e-05,0.00021862984,0.99902344
20170129-102300-0.jpg,8,8,0.00018715858,0.00028657913,0.00034046173,0.00035691261,0.00013780594,0.00019264221,9.8228455e-05,0.00015556812,0.99804688
20170728-120101-2.jpg,4,4,0.00039553642,0.00019848347,0.00067615509,0.00049686432,0.99414062,0.00026106834,0.00025248528,0.00041389465,0.0032424927
20171109-073350-1.jpg,5,5,0.000831604,0.0013237,0.00046229362,0.0007390976,0.00057840347,0.98339844,0.0003862381,0.0010795593,0.011436462
20170920-190306-1.jpg,2,2,0.00031423569,0.00027322769,0.99316406,0.0003900528,0.0010070801,0.00026392937,0.00025081635,0.00033712387,0.0039901733
20171102-104243-1.jpg,2,2,0.00028705597,0.00022280216,0.99121094,0.00041508675,0.0014133453,0.00015616417,0.000172019,0.00040745735,0.0058631897
20171205-144731-2.jpg,8,5,0.00072336197,0.0010728836,0.00031280518,0.0003683567,0.00036621094,0.76123047,0.00033640862,0.00064754486,0.23486328
20171109-073153-3.jpg,5,5,0.00031328201,0.00022280216,0.0001475811,0.00016856194,0.00013399124,0.99316406,0.00015044212,0.00042700768,0.0050735474
20171102-123047-1.jpg,2,2,0.0003798008,0.00024330616,0.9921875,0.00030064583,0.0011491776,0.00031423569,0.00023603439,0.00040769577,0.0048103333
20171219-092908-2.jpg,8,8,0.00016105175,0.00025725365,7.879734e-05,0.00023591518,8.98242e-05,0.0001090765,0.00010240078,0.00012850761,0.99902344
20171219-114304-2.jpg,8,8,0.00018835068,9.9182129e-05,0.00021207333,0.00015079975,0.00052785873,6.3657761e-05,0.00036787987,0.00013160706,0.99804688
20171220-090721-2.jpg,8,8,0.00035881996,0.00072860718,0.00013911724,0.00013494492,0.00015616417,0.00018024445,0.00015068054,0.00035071373,0.99755859
20170727-143646-1.jpg,4,4,0.00025510788,0.00013458729,0.00035405159,0.00039196014,0.96240234,0.00044703484,0.00010079145,0.00017273426,0.035949707
20180109-080259-2.jpg,7,7,0.0012979507,0.0029792786,0.00036716461,0.0010242462,0.00037813187,0.00062179565,0.095458984,0.88623047,0.011688232
20170714-140428-2.jpg,1,1,0.00022876263,0.99316406,0.00016891956,0.00032067299,0.00025033951,0.0002052784,0.00035405159,0.00057888031,0.0046005249
20180322-112213-2.jpg,8,8,0.00027656555,0.00012922287,0.00015687943,0.00023841858,0.00019907951,0.00012814999,0.00013530254,0.00027680397,0.99853516
20180119-114711-2.jpg,8,8,0.00017774105,0.00022923946,0.00014555454,0.0001796484,0.00010824203,6.9975853e-05,6.3300133e-05,0.00026845932,0.99853516
20180109-105034-2.jpg,8,8,0.00020503998,0.00012022257,0.00021660328,0.00028753281,0.00017857552,9.727478e-05,0.00011348724,0.00059366226,0.99804688
20180109-104716-2.jpg,8,8,0.00026249886,0.00013041496,0.00017404556,0.0012807846,0.00025939941,9.7334385e-05,0.00011605024,0.00075483322,0.99707031
20171025-092819-3.jpg,7,7,0.0025024414,0.00033998489,0.00024580956,0.0041160583,0.00020980835,0.00022864342,0.00016832352,0.95947266,0.032836914
20170920-162949-3.jpg,2,2,0.0003798008,0.00026750565,0.99169922,0.00054311752,0.0022945404,0.00023245811,0.00021147728,0.00038027763,0.0040206909
20170811-134147-2.jpg,0,0,0.98388672,0.00050830841,0.00014448166,0.0001373291,0.0001218915,0.00015163422,8.5234642e-05,0.0012645721,0.013786316
20170811-113635-1.jpg,0,0,0.89501953,0.00063180923,0.00055217743,0.00044369698,0.0011291504,0.0056686401,0.00058794022,0.0023918152,0.09375
20170906-111807-4.jpg,3,3,0.040588379,0.00069284439,0.00059986115,0.92919922,0.0040283203,0.00040102005,0.00027036667,0.0047531128,0.019363403
20171109-091016-2.jpg,5,5,0.00044846535,0.00064373016,0.00028586388,0.00015854836,0.00028944016,0.92871094,0.064453125,0.00044488907,0.0045928955
20171218-114742-2.jpg,8,8,0.00037169456,0.00025248528,0.0016813278,0.00081682205,0.00069665909,0.0002219677,0.00034880638,0.00054550171,0.99511719
20180322-113635-1.jpg,8,8,9.727478e-05,0.00010752678,6.28829e-05,0.00013375282,6.4790249e-05,0.00015807152,5.9962273e-05,0.0001449585,0.99902344
20180109-075210-1.jpg,8,8,0.00013077259,8.2135201e-05,0.00011569262,0.00013899803,9.2685223e-05,8.8095665e-05,0.00016736984,0.00020837784,0.99902344
20171203-172239-3.jpg,8,8,0.00014579296,0.00033593178,6.5088272e-05,0.00013816357,7.0631504e-05,0.0001295805,8.481741e-05,0.00027537346,0.99853516
20180109-075949-1.jpg,8,8,0.00010955334,0.00010210276,0.0001090169,0.00012397766,8.1717968e-05,8.648634e-05,0.00021374226,0.00022208691,0.99902344
20180109-075506-1.jpg,8,8,7.6591969e-05,9.6023083e-05,7.8141689e-05,0.00010311604,7.1763992e-05,5.9962273e-05,0.00010120869,0.00021290779,0.99902344
20180322-105054-1.jpg,8,8,8.4161758e-05,9.483099e-05,6.2406063e-05,0.00017285347,8.7618828e-05,8.1419945e-05,7.2300434e-05,0.00015342236,0.99902344
20180109-075045-2.jpg,8,8,0.00034022331,0.00034809113,0.00017166138,0.00013291836,0.0002399683,0.00012105703,0.004196167,0.00021612644,0.99414062
20180105-100405-2.jpg,8,8,0.00012052059,0.00010704994,0.00012207031,9.7572803e-05,0.00010347366,9.0539455e-05,0.00044369698,0.00024938583,0.99853516
20170913-124610-1.jpg,5,5,0.0003528595,0.00040602684,0.00038933754,0.0011091232,0.0003054142,0.99121094,0.00039362907,0.00033473969,0.0056724548
20171113-140619-2.jpg,6,6,0.00018596649,0.00034117699,0.00021708012,0.0002822876,0.00030708313,0.000177145,0.99511719,0.00034570694,0.0029850006
20180125-093634-2.jpg,8,8,9.8049641e-05,0.00012326241,6.2286854e-05,0.00010848045,7.0154667e-05,7.0273876e-05,8.2492828e-05,0.00014829636,0.99902344
20170217-095541-0.jpg,7,7,0.0003631115,0.00024914742,0.0001270771,0.0002245903,0.00010567904,0.00016033649,0.00016486645,0.99511719,0.0035572052
20171218-105311-2.jpg,8,8,0.00010859966,0.00013709068,8.0406666e-05,0.00012409687,6.1869621e-05,0.00021052361,9.7155571e-05,0.00015354156,0.99902344
20171122-100206-1.jpg,5,5,0.0010681152,0.0011482239,0.00025820732,0.00024867058,0.00019979477,0.56494141,0.017227173,0.0012578964,0.41357422
20171212-100447-1.jpg,8,8,0.00017273426,0.00023400784,0.00012969971,0.00021207333,0.00011700392,0.00045776367,0.00016510487,0.00023293495,0.99804688
20180119-113326-1.jpg,8,8,0.00013720989,0.00083208084,8.5175037e-05,7.9810619e-05,0.00015461445,9.316206e-05,0.000436306,0.0001540184,0.99804688
20171122-104333-1.jpg,5,5,0.00033450127,0.00042319298,0.00021016598,0.000259161,0.00025224686,0.99267578,0.00030374527,0.00044226646,0.0052757263
20170920-100439-2.jpg,2,2,0.00023663044,0.00027751923,0.99414062,0.00019395351,0.00080537796,0.00018036366,0.00024843216,0.0002655983,0.0037612915
20171220-100344-2.jpg,8,8,0.00021374226,0.00015974045,0.00015163422,0.00016415119,0.00012129545,0.00055217743,0.00011962652,0.00029873848,0.99804688
20171113-115829-1.jpg,6,6,0.00015711784,0.00026845932,0.00021600723,9.7453594e-05,0.00029039383,0.00016987324,0.98876953,0.00021767616,0.0099639893
20171220-095326-1.jpg,8,8,0.00013542175,9.8884106e-05,8.7141991e-05,0.00018966198,7.8678131e-05,0.00015640259,8.7440014e-05,0.00020945072,0.99902344
20171109-093602-2.jpg,5,5,0.00027704239,0.00083208084,0.00024652481,0.00020873547,0.0002374649,0.98779297,0.00019824505,0.00040340424,0.010025024
20170304-132701-0.jpg,7,7,0.0025253296,0.00094270706,0.00019109249,0.0010299683,0.00016891956,0.00043916702,0.00019216537,0.98242188,0.01222229
20180112-092446-1.jpg,8,8,0.00011116266,0.00010162592,9.5546246e-05,0.00015330315,0.00012123585,8.9228153e-05,9.1910362e-05,0.00018119812,0.99902344
20180322-102626-2.jpg,8,8,0.00012695789,0.00010579824,7.212162e-05,0.00014042854,9.7990036e-05,6.1988831e-05,7.5221062e-05,0.0002194643,0.99902344
20180119-110700-1.jpg,8,8,0.00021648407,0.00028777122,0.00015127659,0.00011336803,0.0013103485,0.00010323524,0.00025057793,0.00025987625,0.99707031
20171102-093604-3.jpg,4,4,0.00044560432,0.00026512146,0.0024547577,0.00089073181,0.98535156,0.00030183792,0.00028419495,0.00044322014,0.009475708
20170920-181827-1.jpg,2,2,0.00033831596,0.00030994415,0.98925781,0.00032544136,0.0019006729,0.00022828579,0.00021588802,0.00036525726,0.0071563721
20180109-101102-2.jpg,8,8,0.00019609928,0.00019061565,0.0001322031,0.00019586086,0.00015878677,0.00016188622,0.027328491,0.00045514107,0.97119141
20171109-072625-1.jpg,5,5,0.00033426285,0.00061511993,0.00032687187,0.00024557114,0.00035047531,0.98974609,0.00016236305,0.00039052963,0.0076179504
20180109-070905-2.jpg,8,1,0.00096130371,0.95068359,0.00039076805,0.0008649826,0.00036001205,0.00032711029,0.00062131882,0.0011787415,0.044647217
20171220-090301-3.jpg,8,8,0.0082931519,0.00066947937,0.00029683113,0.0092849731,0.00028777122,0.00038266182,0.00028991699,0.13439941,0.84619141
20170729-153648-3.jpg,4,4,0.00023305416,0.00016856194,0.00042819977,0.00042891502,0.99316406,0.00022506714,0.0002143383,0.00029230118,0.0047645569
20171109-091647-1.jpg,5,5,0.00025844574,0.00030612946,0.00022542477,0.00017869473,0.00019288063,0.99414062,0.00016367435,0.00039076805,0.0040283203
20171218-111251-2.jpg,8,8,0.00012278557,8.9526176e-05,0.00011086464,0.00013768673,7.1048737e-05,0.00013566017,6.5982342e-05,0.00022614002,0.99902344
20171219-114543-2.jpg,8,8,0.00015771389,0.0001500845,0.0001912117,0.00022494793,0.00010561943,0.00011086464,0.00023937225,0.00028729439,0.99853516
20171220-095345-1.jpg,8,8,0.00020623207,0.00015890598,0.00010234118,0.00028824806,8.2075596e-05,0.00014293194,9.7572803e-05,0.0003619194,0.99853516
20171212-094824-1.jpg,8,8,0.00016975403,0.00016689301,0.00020313263,0.0022945404,0.00036621094,0.00016462803,0.0001013279,0.00022864342,0.99609375
20180109-095302-1.jpg,8,8,0.00017142296,0.00013279915,7.2896481e-05,0.00013041496,8.5055828e-05,5.9366226e-05,8.6545944e-05,0.00037097931,0.99902344
20170906-135455-1.jpg,3,3,0.00080347061,0.000467062,0.00029230118,0.99267578,0.0005235672,0.00014770031,0.00010979176,0.00060749054,0.0044631958
20171122-104018-1.jpg,5,5,0.00034189224,0.00023436546,0.00015246868,0.00015175343,0.00016605854,0.99560547,0.00031161308,0.00037240982,0.0025119781
20170217-122236-0.jpg,0,0,0.98974609,0.00017464161,0.00019001961,0.00015473366,0.00022852421,0.00025367737,0.00011521578,0.00023949146,0.008682251
20171212-095826-3.jpg,8,8,0.0002758503,0.00025367737,0.00020980835,0.00054502487,0.00014007092,0.00024628639,0.00013363361,0.0005607605,0.99755859
20171102-093237-3.jpg,4,4,0.00073766708,0.00032138824,0.00039339066,0.00038576126,0.97314453,0.00025677681,0.00017893314,0.00040054321,0.02394104
20180109-101214-1.jpg,8,8,0.00021469593,0.00015842915,0.00010192394,0.00025391579,0.00014007092,0.00010055304,0.00022542477,0.0006775856,0.99804688
20170714-110351-3.jpg,1,1,0.043609619,0.9453125,0.00044465065,0.00053405762,0.00045347214,0.00050067902,0.00065517426,0.001036644,0.0073547363
20180105-095825-2.jpg,8,8,8.1956387e-05,6.54459e-05,9.9658966e-05,6.7293644e-05,9.4473362e-05,6.2644482e-05,0.00021910667,0.00012910366,0.99902344
20170906-112915-4.jpg,3,3,0.00070238113,0.00040221214,0.00052976608,0.99316406,0.000831604,0.00031614304,0.00020742416,0.00057458878,0.003370285
20180109-070652-2.jpg,8,8,0.00012040138,0.00016450882,0.00024724007,0.00013792515,0.00012516975,9.560585e-05,0.00022554398,0.00035691261,0.99853516
20170811-111230-2.jpg,0,0,0.99169922,0.00038075447,0.00019514561,0.00015079975,0.00021064281,0.00020480156,0.00019311905,0.00051546097,0.0064430237
20170210-131737-0.jpg,7,7,0.00038957596,0.00027370453,0.00013804436,0.00028800964,0.00010877848,0.00019741058,0.00020158291,0.99511719,0.0035247803
20180112-072445-1.jpg,8,8,0.00011479855,0.00018918514,8.1002712e-05,0.00027537346,0.00011116266,0.00012660027,0.00012922287,0.00021278858,0.99853516
20170630-155323-0.jpg,7,7,0.0014123917,0.004119873,0.00026798248,0.00042724609,0.00032377243,0.00060462952,0.00052881241,0.98486328,0.0074195862
20180105-094800-2.jpg,8,8,8.7797642e-05,6.4969063e-05,0.00010442734,0.00010085106,0.00010794401,6.9618225e-05,0.00022375584,0.00015985966,0.99902344
20180125-134736-2.jpg,8,8,0.00020611286,0.00011813641,8.0108643e-05,0.00011438131,0.0036869049,7.8678131e-05,8.136034e-05,0.00018930435,0.99560547
20171212-105549-3.jpg,8,8,0.00077629089,0.0003824234,0.0002399683,0.00089406967,0.00063610077,0.00010746717,0.00014913082,0.00052404404,0.99609375
20180112-092342-1.jpg,8,8,0.00023555756,0.00020575523,7.8618526e-05,0.00019884109,9.4413757e-05,9.7990036e-05,0.00010919571,0.00034046173,0.99853516
20180112-092133-2.jpg,8,8,0.00063991547,7.0214272e-05,6.9200993e-05,7.1227551e-05,6.0498714e-05,4.440546e-05,4.5537949e-05,0.00015223026,0.99902344
20170610-122533-0.jpg,1,1,0.00037813187,0.99414062,0.0002155304,0.00036549568,0.00022172928,0.00025486946,0.00025081635,0.00060367584,0.0037384033
20170405-155807-0.jpg,0,0,0.98388672,0.00033259392,0.00033855438,0.00055980682,0.00070428848,0.00042581558,0.00037264824,0.0038433075,0.0094146729
20180109-092440-2.jpg,8,8,0.00025439262,7.8380108e-05,7.1287155e-05,6.1452389e-05,0.00014448166,8.9943409e-05,5.2690506e-05,0.00013017654,0.99902344
20170920-111803-2.jpg,2,2,0.00027918816,0.00024962425,0.99267578,0.00023937225,0.0012931824,0.00019347668,0.00023841858,0.00036239624,0.0045890808
20171219-100707-2.jpg,8,8,0.00028157234,0.00023663044,0.00016307831,0.00013971329,0.0001437664,6.633997e-05,6.7234039e-05,0.00045347214,0.99853516
20180119-110549-2.jpg,8,8,0.00045704842,0.0041313171,0.00024604797,0.0003323555,0.00014662743,0.00042390823,0.00033354759,0.00093173981,0.99316406
20170217-110700-0.jpg,0,0,0.99169922,0.00015258789,0.00011837482,0.00016534328,0.00014793873,0.00030183792,0.00013899803,0.00028276443,0.0068817139
20180125-094216-2.jpg,8,8,0.00011074543,6.9260597e-05,0.00010353327,0.00010091066,9.8288059e-05,5.531311e-05,0.00011074543,0.00015568733,0.99902344
20171102-115858-3.jpg,2,2,0.00015246868,0.00013113022,0.99560547,0.00023090839,0.00062417984,0.00018513203,0.00015211105,0.00023019314,0.0027961731
20180109-090722-2.jpg,8,8,0.00026988983,0.00016319752,0.00011473894,0.00090694427,0.00017428398,0.00018513203,9.8109245e-05,0.00087404251,0.99707031
20170920-184922-1.jpg,2,2,0.00030231476,0.00034070015,0.99267578,0.00026702881,0.00091171265,0.00028824806,0.00031995773,0.00041484833,0.0042724609
20180112-080947-2.jpg,8,8,0.00022447109,0.00037145615,0.00014507771,0.0026416779,0.00016868114,0.00017940998,0.00016343594,0.00064849854,0.99560547
20170304-132524-0.jpg,7,7,0.0021839142,0.0010108948,0.00017166138,0.00040507317,0.00011986494,0.00037670135,0.00016355515,0.95996094,0.035736084
20170522-123416-0.jpg,1,1,0.00039696693,0.98779297,0.00024390221,0.00042176247,0.00025105476,0.00023269653,0.00020575523,0.0003490448,0.0098800659
20170920-190943-1.jpg,2,2,0.0003387928,0.00030875206,0.99072266,0.00016057491,0.00081729889,0.00013935566,0.00019514561,0.00037503242,0.0071182251
20171113-122631-0.jpg,6,6,0.00022256374,0.00057554245,0.0003285408,0.00016343594,0.0003194809,0.00023508072,0.99414062,0.00040769577,0.003610611
20170217-143741-0.jpg,7,7,0.00049304962,0.00046014786,0.00017464161,0.0003631115,0.00013637543,0.00024342537,0.00026750565,0.99462891,0.0031852722
20171220-082412-2.jpg,8,8,0.00016236305,0.00013589859,0.00011521578,0.00015807152,8.8632107e-05,0.00010472536,7.3730946e-05,0.0002951622,0.99902344
20170729-091954-1.jpg,8,4,0.0012178421,0.0032901764,0.00049638748,0.00090169907,0.96826172,0.00047159195,0.00036239624,0.00053119659,0.024658203
20170217-113132-0.jpg,7,7,0.00038838387,0.0002553463,0.00015461445,0.0002951622,0.00014352798,0.00021445751,0.00017845631,0.99560547,0.0026359558
20170920-121321-2.jpg,2,2,0.00019192696,0.00015687943,0.99462891,0.00016856194,0.0013723373,9.0301037e-05,0.00013482571,0.00017011166,0.0032081604
20180109-072801-2.jpg,8,8,0.00019526482,9.7572803e-05,0.00014102459,0.00021374226,0.00014209747,6.0677528e-05,0.00020718575,0.00032639503,0.99853516
20170920-162806-3.jpg,2,2,0.00022804737,0.00017893314,0.99462891,0.00023138523,0.00060796738,0.00013697147,0.00017225742,0.00020039082,0.0035037994
20171113-115634-1.jpg,6,6,0.00016868114,0.00035309792,0.00017118454,8.136034e-05,0.00020635128,0.00010943413,0.99707031,0.00016319752,0.0015678406
20180119-114649-1.jpg,8,8,0.00015127659,0.00012719631,0.00013613701,0.00012230873,9.8347664e-05,0.00010728836,0.00017726421,0.00027132034,0.99902344
20171219-105644-2.jpg,8,8,0.00023519993,0.0011444092,0.00028824806,0.00015437603,0.00022923946,0.00013673306,0.00012469292,0.00029635429,0.99755859
20170727-113159-1.jpg,4,4,0.0003285408,0.00026392937,0.00075292587,0.000426054,0.99121094,0.00037264824,0.00037121773,0.00038313866,0.0058784485
20180125-100238-1.jpg,8,8,9.5486641e-05,0.00012505054,6.9499016e-05,8.7082386e-05,6.5624714e-05,7.6413155e-05,0.00010037422,0.00011765957,0.99902344
20171109-194013-1.jpg,5,5,0.00036716461,0.00021350384,0.00017821789,0.00022661686,0.00015127659,0.99267578,0.00013315678,0.00037431717,0.0056381226
20170217-103631-0.jpg,0,0,0.9921875,0.00026941299,0.00016415119,0.00032448769,0.00018644333,0.00015449524,0.00022959709,0.00033736229,0.0062675476
20170920-180305-1.jpg,2,2,0.00040626526,0.00045990944,0.98925781,0.00031375885,0.001701355,0.0002989769,0.00043749809,0.00053691864,0.0063972473
20180125-093129-2.jpg,8,8,8.0227852e-05,8.7976456e-05,5.6922436e-05,7.8260899e-05,5.7637691e-05,5.8114529e-05,7.4565411e-05,0.00012862682,0.99951172
20171102-122743-3.jpg,2,2,0.00045108795,0.00061893463,0.93798828,0.00037431717,0.00053215027,0.00017547607,0.00018203259,0.00039076805,0.05947876
20171220-084923-3.jpg,8,8,0.00021314621,0.0002065897,0.00016057491,0.00026392937,0.00015640259,0.00020372868,0.00010967255,0.0003054142,0.99853516
20170129-102127-0.jpg,8,8,0.00015473366,0.00017654896,0.00023841858,0.00027823448,0.00014364719,0.00023198128,9.2327595e-05,0.00010031462,0.99853516
20170811-113755-1.jpg,0,0,0.92041016,0.00018692017,0.00014364719,0.00028467178,0.00036644936,0.00014901161,0.00020813942,0.0003349781,0.077819824
20170501-142705-0.jpg,1,1,0.00031518936,0.99316406,0.00015735626,0.00031161308,0.00015234947,0.00040483475,0.00022721291,0.00051450729,0.004863739
20171218-120904-2.jpg,8,8,0.00013697147,0.00013208389,0.00010329485,0.0001950264,7.8737736e-05,0.00016915798,9.7870827e-05,0.00023663044,0.99902344
20171218-121056-2.jpg,8,8,0.00012767315,0.00012254715,8.302927e-05,0.00024795532,7.6293945e-05,0.0001745224,9.0777874e-05,0.00022888184,0.99902344
20171102-094317-2.jpg,4,4,0.0015916824,0.00047445297,0.0036087036,0.0030136108,0.95166016,0.0006108284,0.00047254562,0.0011663437,0.037628174
20180125-095951-1.jpg,8,8,0.00011259317,9.0837479e-05,0.00010824203,0.00012409687,8.0645084e-05,0.00010323524,0.00020480156,0.00018703938,0.99902344
20171109-070638-1.jpg,5,5,0.00018978119,0.00027108192,0.00018966198,0.00019657612,0.00018310547,0.99609375,0.00011235476,0.00034499168,0.0025653839
20170715-121327-1.jpg,1,1,0.00035881996,0.99462891,0.00024962425,0.00048422813,0.00020182133,0.00021839142,0.00026392937,0.00041055679,0.0030002594
20171220-082648-2.jpg,8,8,0.0001065135,0.00013458729,0.0001115799,0.00015676022,8.5413456e-05,0.00012397766,7.1048737e-05,0.00020420551,0.99902344
20170127-102812-0.jpg,1,1,0.0003964901,0.99414062,0.0001565218,0.00045776367,0.00015354156,0.0002579689,0.00016653538,0.00051927567,0.0036888123
20171212-095739-1.jpg,8,8,0.00020682812,0.00032329559,0.00015175343,0.00038075447,0.00011819601,0.00029683113,0.00013303757,0.00033116341,0.99804688
20171102-120816-1.jpg,2,2,0.00020754337,0.00020074844,0.99414062,0.00025391579,0.00086021423,0.00025129318,0.00020515919,0.00028705597,0.0033893585
20171220-085324-3.jpg,8,8,0.00016832352,0.00025296211,0.00011253357,0.0001052022,0.00010401011,0.00026750565,0.00016713142,0.0001860857,0.99853516
20171219-105245-2.jpg,8,8,0.00016868114,0.00022470951,0.00012373924,0.00013017654,8.5830688e-05,8.1479549e-05,8.1539154e-05,0.00022828579,0.99902344
20171025-093853-2.jpg,3,3,0.00066661835,0.00044560432,0.00052690506,0.98974609,0.00061559677,0.00037050247,0.00026035309,0.00067567825,0.0066375732
20170129-102040-0.jpg,8,8,0.00021219254,0.00023794174,0.0002617836,0.000223279,0.0002310276,0.00023722649,0.00014197826,0.00014865398,0.99853516
20180125-093659-2.jpg,8,8,9.2446804e-05,0.00011694431,8.3982944e-05,0.00015950203,9.7155571e-05,8.6247921e-05,9.906292e-05,0.00015759468,0.99902344
20171205-144400-2.jpg,8,8,0.0003657341,0.00078201294,0.00023937225,0.00042057037,0.00030636787,0.00080442429,0.0003194809,0.00031924248,0.99658203
20180109-090702-2.jpg,8,8,0.00015628338,0.00011110306,7.8082085e-05,0.00023066998,8.3088875e-05,0.00010347366,8.0049038e-05,0.00048232079,0.99853516
20180119-113441-1.jpg,8,8,9.3221664e-05,0.00060462952,5.2809715e-05,7.1465969e-05,5.2511692e-05,0.00018668175,0.00015473366,0.00018751621,0.99853516
20170811-124924-2.jpg,0,0,0.99414062,7.9989433e-05,9.9301338e-05,0.00010335445,9.9539757e-05,0.00014543533,5.2034855e-05,0.00027751923,0.0048332214
20170718-102441-2.jpg,7,7,0.00047969818,0.00053405762,0.00018179417,0.00079488754,0.00017225742,0.00017547607,0.00012165308,0.99169922,0.0058784485
20170811-100812-2.jpg,0,0,0.96875,0.001288414,0.0010623932,0.00090789795,0.0022754669,0.0010471344,0.0015554428,0.0079269409,0.015090942
20180322-115511-1.jpg,8,8,9.9003315e-05,8.8810921e-05,6.6161156e-05,8.7976456e-05,5.2928925e-05,0.00011336803,5.4419041e-05,0.00015056133,0.99951172
20170728-122514-3.jpg,4,4,0.00038933754,0.00020623207,0.00077199936,0.00068569183,0.99316406,0.00028991699,0.00025749207,0.00044250488,0.0039901733
20170729-090812-1.jpg,4,4,0.00033807755,0.00013959408,0.00039720535,0.0004067421,0.99267578,0.00018966198,0.00016999245,0.00028300285,0.0055809021
20171113-122340-1.jpg,6,6,0.00015604496,0.00025367737,0.00018632412,0.00012362003,0.00030589104,0.00012612343,0.99560547,0.00022554398,0.0029315948
20171113-131746-2.jpg,6,6,0.00019168854,0.00021386147,0.00016999245,9.2625618e-05,0.00021159649,0.00012874603,0.99609375,0.0001938343,0.0025558472
20170729-085707-2.jpg,4,4,0.00037670135,0.00021052361,0.00078678131,0.00058555603,0.98632812,0.00022065639,0.00024271011,0.0003786087,0.010932922
20180105-092727-2.jpg,8,8,0.00015306473,0.0012254715,4.0173531e-05,0.00021481514,0.00011378527,0.00011557341,0.0015192032,0.0016555786,0.99511719
20170913-105631-1.jpg,3,3,0.00061893463,0.00039148331,0.00035715103,0.98583984,0.0038204193,0.0015926361,0.00022375584,0.00067043304,0.0064582825
20180119-105242-2.jpg,8,8,0.00050401688,0.0023860931,0.00020253658,0.00020563602,0.00045466423,8.1241131e-05,0.00017225742,0.0002887249,0.99560547
20170127-101304-0.jpg,1,8,0.00016057491,0.026321411,0.00011014938,0.00020802021,6.9320202e-05,0.00023341179,0.00016641617,0.00027990341,0.97265625
20171109-072414-3.jpg,5,5,0.00018727779,0.000187397,0.00014865398,0.00020051003,0.0001116991,0.99707031,0.00014054775,0.0003054142,0.0018539429
20170210-133424-0.jpg,0,0,0.99365234,0.00030446053,0.00036120415,0.00026702881,0.00035452843,0.00032830238,0.00028657913,0.00078773499,0.0035018921
20170811-125323-1.jpg,0,0,0.99121094,0.00075721741,0.00039601326,0.00034403801,0.00057220459,0.00039458275,0.0001077652,0.0015029907,0.0047340393
20171102-120417-1.jpg,2,2,0.00027561188,0.00023627281,0.99316406,0.00026297569,0.00063228607,0.00022089481,0.00020933151,0.00033473969,0.0046768188
20170714-145855-1.jpg,1,1,0.00039362907,0.99414062,0.00020742416,0.00056934357,0.00019907951,0.00031328201,0.00033307076,0.00066661835,0.003282547
20180112-073915-1.jpg,8,8,0.00018560886,0.00065851212,9.816885e-05,0.00023233891,0.00010889769,0.00013542175,0.00017154217,0.00046467781,0.99804688
20170913-102810-2.jpg,3,3,0.0004131794,0.00034856796,0.00029850006,0.984375,0.00046110153,0.00028419495,0.00013959408,0.00043606758,0.013015747
20170217-111529-0.jpg,0,0,0.98925781,0.00024437904,0.0001424551,0.00018250942,0.00015306473,0.00036454201,0.00015556812,0.0016555786,0.0079574585
20170207-142223-0.jpg,7,7,0.0031661987,0.002286911,0.00032377243,0.00050926208,0.00022685528,0.00088882446,0.00020384789,0.98779297,0.0043983459
20170727-143524-3.jpg,4,4,0.00032424927,0.0001462698,0.00067281723,0.00031399727,0.9921875,0.00020539761,0.00021505356,0.0003247261,0.0056686401
20171121-081532-2.jpg,6,8,0.0011615753,0.0023956299,0.00065517426,0.0008354187,0.0009522438,0.00045824051,0.48339844,0.0017175674,0.50830078
20180119-115536-1.jpg,8,8,0.00016999245,0.00038099289,9.4890594e-05,0.00028562546,6.467104e-05,0.00011879206,0.00018131733,0.00049066544,0.99804688
20170128-103616-0.jpg,7,8,0.00040125847,0.0064125061,0.00021219254,0.00049352646,0.000223279,0.00017249584,0.00019478798,0.00053501129,0.99121094
20180125-130328-2.jpg,8,8,5.9247017e-05,5.7041645e-05,5.7637691e-05,0.00012528896,6.8664551e-05,4.9293041e-05,8.4161758e-05,0.0001013279,0.99951172
20180119-104834-2.jpg,8,8,0.00015175343,0.00022113323,0.00013363361,0.00010836124,7.6532364e-05,0.00013995171,0.0001115799,0.00041127205,0.99853516
20171113-142828-2.jpg,6,6,0.00015223026,0.00028753281,0.00014197826,0.00011128187,0.00017166138,0.00011205673,0.99609375,0.00020051003,0.0025253296
20171121-073846-1.jpg,6,6,0.0001642704,0.00026226044,0.00018906593,0.0001219511,0.00028896332,0.00015103817,0.99414062,0.00034689903,0.004360199
20180109-072313-1.jpg,8,8,0.00017082691,0.00013899803,0.00010144711,0.00010818243,0.0001167655,0.00034141541,0.013130188,0.00023818016,0.98583984
20180125-135219-3.jpg,8,8,0.00013887882,0.00018715858,9.894371e-05,9.6082687e-05,8.4042549e-05,6.3717365e-05,0.00011080503,0.00026321411,0.99902344
20170126-095541-0.jpg,1,1,0.00042533875,0.99365234,0.00017726421,0.0004389286,0.00020217896,0.00041842461,0.0002925396,0.00051403046,0.0037956238
20171025-075728-1.jpg,3,3,0.00049543381,0.0002822876,0.0001989603,0.98974609,0.00036883354,0.00023078918,0.00013494492,0.00040054321,0.0083312988
20180125-093913-2.jpg,8,8,5.2034855e-05,4.7445297e-05,4.8756599e-05,0.00010788441,0.00026297569,2.9146671e-05,6.0379505e-05,8.0823898e-05,0.99951172
20170718-101731-2.jpg,0,0,0.91943359,0.01008606,0.00033950806,0.0012407303,0.00057077408,0.00038003922,0.00036692619,0.02456665,0.042999268
20170727-144707-1.jpg,4,4,0.00063896179,0.00029587746,0.00087690353,0.00040030479,0.97314453,0.00060796738,0.00023698807,0.0002887249,0.023605347
20171218-115905-3.jpg,8,8,0.00039887428,0.00027108192,0.0013437271,0.00021195412,0.00017523766,0.00069284439,0.00032782555,0.00040555,0.99609375
20170728-123035-2.jpg,4,4,0.00037527084,0.00016736984,0.00049686432,0.00039601326,0.99316406,0.00021517277,0.00022828579,0.00032424927,0.0045089722
20170217-113444-0.jpg,7,7,0.00032663345,0.00018358231,0.0001168251,0.00018203259,0.00010561943,0.0001154542,0.00014483929,0.99609375,0.0029144287
20170718-100100-2.jpg,0,1,0.009513855,0.87988281,0.00052309036,0.0021877289,0.00042772293,0.00077772141,0.0012207031,0.096801758,0.0086135864
20171113-141550-2.jpg,6,6,0.00023889542,0.00033020973,0.00022780895,0.0001335144,0.00028705597,0.00016355515,0.99560547,0.00031232834,0.0026321411
20171219-111842-3.jpg,8,8,0.00026249886,0.00016975403,0.00010585785,0.0002810955,0.00018835068,9.5546246e-05,0.00040388107,0.00026464462,0.99804688
20171218-121154-2.jpg,8,8,0.0001013279,0.00010710955,9.0658665e-05,0.00025868416,7.891655e-05,0.0001347065,9.2864037e-05,0.00015985966,0.99902344
20171113-101452-1.jpg,5,5,0.00027537346,0.00040245056,0.00023543835,0.00041413307,0.00022864342,0.99267578,0.00014746189,0.00032830238,0.0051841736
20170610-120852-0.jpg,1,1,0.0011644363,0.97216797,0.00029182434,0.0015211105,0.00037646294,0.00056171417,0.00019621849,0.0014610291,0.022247314
20170718-094425-2.jpg,0,0,0.99169922,0.00063705444,0.00024819374,0.00040102005,0.00044894218,0.00021994114,0.00014591217,0.0007557869,0.0053710938
20171219-114239-2.jpg,8,8,0.00015056133,0.00018274784,0.00011444092,0.00017213821,0.00011831522,0.00012552738,0.00014328957,0.00017917156,0.99902344
20180112-073133-2.jpg,8,8,0.00031352043,0.00031423569,0.00010848045,0.00040650368,0.00015592575,0.00021886826,9.3519688e-05,0.00054979324,0.99804688
20170727-170339-1.jpg,4,4,0.00038814545,0.00017225742,0.00038647652,0.00040149689,0.9921875,0.00021636486,0.00017595291,0.00035738945,0.0055236816
20170920-120020-2.jpg,2,2,0.00017571449,0.000202775,0.99511719,0.00018143654,0.00062942505,0.00012028217,0.00021278858,0.00019776821,0.0033798218
20180109-074809-1.jpg,8,8,0.00010991096,9.7930431e-05,0.00016069412,8.481741e-05,0.00013923645,9.5307827e-05,0.00073575974,0.00020349026,0.99853516
20170811-163616-1.jpg,0,0,0.92773438,0.00053358078,0.00016462803,0.00020372868,0.00022506714,0.00020575523,0.00018584728,0.064147949,0.0064888
20171113-151802-1.jpg,6,6,0.00013232231,0.00017094612,0.00012373924,8.8512897e-05,0.00014078617,9.7155571e-05,0.99707031,0.00018620491,0.0021591187
20180109-091326-2.jpg,8,8,0.00017428398,0.00018715858,7.3313713e-05,0.00023603439,9.3102455e-05,0.00014030933,9.6380711e-05,0.00034213066,0.99853516
20171109-090410-3.jpg,5,5,0.00079441071,0.00095558167,0.00038123131,0.00054073334,0.00037527084,0.94580078,0.0014438629,0.0010194778,0.048675537
20180112-080317-2.jpg,8,8,0.00057506561,0.00062084198,0.00045275688,0.14746094,0.00069046021,0.00027179718,0.00025367737,0.00085258484,0.84863281
20171220-101523-2.jpg,8,8,0.00026249886,0.00064516068,0.00016379356,9.816885e-05,0.00010758638,0.00050401688,0.00016951561,0.00022280216,0.99804688
20180322-120838-2.jpg,8,8,0.00018322468,0.00018632412,8.7797642e-05,0.00021588802,9.8526478e-05,8.7380409e-05,0.00011354685,0.00034189224,0.99853516
20180112-081141-1.jpg,8,8,9.3340874e-05,0.00013065338,7.7664852e-05,0.0002014637,7.7605247e-05,7.3492527e-05,8.6247921e-05,0.00016915798,0.99902344
20170707-110228-0.jpg,7,7,0.029144287,0.0015420914,0.00042557716,0.0014057159,0.00046825409,0.00089550018,0.0002207756,0.95556641,0.010162354
20180105-094853-2.jpg,8,8,0.00010472536,0.00010240078,6.5743923e-05,6.3419342e-05,0.00010669231,6.4194202e-05,0.00019729137,0.00015735626,0.99902344
20171205-123919-2.jpg,8,8,0.00019454956,0.00027227402,7.6234341e-05,0.00015103817,0.00010734797,0.001493454,0.00016033649,0.00044345856,0.99707031
20170811-103932-1.jpg,0,0,0.97558594,0.0012149811,0.0002682209,0.0007390976,0.00031042099,0.00029397011,0.00022280216,0.0013713837,0.019927979
20170920-131038-2.jpg,2,4,0.00048971176,0.0002052784,0.15026855,0.00030946732,0.58056641,0.00049304962,0.00042700768,0.00052881241,0.2668457
20171025-095534-1.jpg,3,3,0.00070238113,0.00043010712,0.00061511993,0.99072266,0.00075674057,0.00039076805,0.0002951622,0.00050163269,0.00548172
20171220-084312-2.jpg,8,8,0.00032305717,0.00039887428,0.00020611286,0.00084066391,0.00012159348,0.00024533272,9.4175339e-05,0.0006570816,0.99707031
20170207-154442-0.jpg,0,0,0.96972656,0.0038414001,0.00046062469,0.0011739731,0.001074791,0.00065088272,0.00025725365,0.012290955,0.010475159
20171219-095309-3.jpg,8,8,0.00061511993,0.00012910366,8.7141991e-05,0.0001565218,9.3758106e-05,6.9379807e-05,6.0617924e-05,0.00028824806,0.99853516
20170714-170127-1.jpg,1,1,0.00033140182,0.99511719,0.00017559528,0.00041747093,0.00019168854,0.00027060509,0.00028753281,0.00063085556,0.0026721954
20171113-130826-2.jpg,6,6,0.00015640259,0.0002617836,0.00018548965,8.0347061e-05,0.00026535988,0.00017786026,0.99658203,0.00020074844,0.002166748
20170727-151926-1.jpg,4,4,0.0011377335,0.00025963783,0.00076532364,0.00063037872,0.98242188,0.00030303001,0.00025105476,0.00080060959,0.013656616
20171212-094500-3.jpg,8,8,0.00016975403,0.0001475811,0.00015699863,0.00030970573,0.00014019012,0.00019657612,0.00014281273,0.00029063225,0.99853516
20170217-114650-0.jpg,7,7,0.0014419556,0.00054883957,0.00028586388,0.00045919418,0.00031900406,0.0010547638,0.00030755997,0.99072266,0.0048828125
20171219-113609-2.jpg,8,8,0.00023555756,0.00011754036,0.00016331673,0.00015389919,0.00077152252,0.00012338161,0.00012093782,0.00011730194,0.99804688
20180112-101527-1.jpg,8,8,0.0001500845,0.00017178059,0.00012052059,0.00015544891,0.00014543533,9.0897083e-05,0.00027418137,0.00030326843,0.99853516
20170217-143504-0.jpg,7,7,0.00044608116,0.00050354004,0.00028657913,0.00042653084,0.00024724007,0.00030493736,0.00050067902,0.9921875,0.0050811768
20170729-091840-1.jpg,4,4,0.00030612946,0.00014340878,0.00048208237,0.0003888607,0.99365234,0.00017476082,0.00017273426,0.00031733513,0.0043869019
20180112-071750-1.jpg,8,8,0.00010925531,0.00012022257,0.00010102987,0.00014090538,0.00011694431,9.649992e-05,0.00011378527,0.00018048286,0.99902344
20180322-110935-2.jpg,8,8,0.00010609627,9.4115734e-05,5.5611134e-05,0.00011283159,5.5909157e-05,7.5697899e-05,7.0154667e-05,0.00015759468,0.99951172
20170130-102811-0.jpg,1,1,0.00032687187,0.98681641,0.00032353401,0.00034570694,0.00017225742,0.00016474724,0.00021922588,0.00028896332,0.011199951
20180119-104741-1.jpg,8,6,0.00010627508,0.0022354126,4.2021275e-05,7.8320503e-05,4.6432018e-05,5.6564808e-05,0.98144531,8.4221363e-05,0.015960693
20180119-113051-1.jpg,8,8,0.00014448166,0.00045514107,7.1048737e-05,8.8751316e-05,6.3538551e-05,0.00017464161,0.00015282631,0.00024294853,0.99853516
20170207-142514-0.jpg,7,7,0.00064706802,0.0026607513,0.00018775463,0.00034594536,0.00011634827,0.00027561188,0.00020682812,0.99169922,0.0038452148
20170920-112029-2.jpg,2,2,0.00055027008,0.00034213066,0.99072266,0.00055456161,0.00085163116,0.00024318695,0.00026655197,0.001616478,0.0048561096
20171109-070737-3.jpg,5,5,0.00017142296,0.00020694733,0.00016307831,0.00031590462,0.00014996529,0.99560547,0.00011456013,0.00028347969,0.0029392242
20180112-081631-1.jpg,8,8,0.0001013875,0.00012886524,6.2942505e-05,0.00024962425,7.7366829e-05,0.00011259317,0.00011271238,0.00019860268,0.99902344
20170728-151316-1.jpg,4,4,0.00047445297,0.00021886826,0.00075149536,0.00054121017,0.9921875,0.00028777122,0.00024271011,0.00045609474,0.0050163269
20180119-114446-2.jpg,8,8,0.00011342764,0.0073242188,6.4849854e-05,0.00012850761,8.2671642e-05,0.00011956692,0.00031971931,9.8705292e-05,0.99169922
20180112-081705-2.jpg,8,8,0.0001783371,0.00018012524,0.0001026392,0.0016355515,0.00011867285,0.00014102459,0.00010001659,0.00042724609,0.99707031
20170315-090051-0.jpg,8,8,0.00034475327,0.00018811226,0.0003464222,0.00032615662,0.00028061867,0.0001475811,9.1135502e-05,0.00036811829,0.99804688
20180112-094236-1.jpg,8,8,0.0001655817,0.00013589859,0.00013744831,0.00016844273,0.00014984608,8.7201595e-05,0.00018620491,0.00056314468,0.99853516
20180125-095411-1.jpg,8,8,7.3671341e-05,5.6922436e-05,6.1869621e-05,6.9975853e-05,5.7637691e-05,6.6101551e-05,7.7843666e-05,0.00011664629,0.99951172
20171113-123737-1.jpg,6,6,0.00016212463,0.00023114681,0.00021374226,9.9003315e-05,0.00027489662,0.00010198355,0.99365234,0.00015771389,0.0050926208
20180109-091033-2.jpg,8,8,0.00096130371,0.00083971024,0.00016546249,0.00081110001,0.00019228458,0.00034213066,0.00019538403,0.0020618439,0.99462891
20171212-094423-1.jpg,8,8,0.0001513958,0.00016796589,0.00012254715,0.00028729439,9.4056129e-05,0.00016069412,0.0001026988,0.00023877621,0.99853516
20171113-121536-1.jpg,6,6,0.013725281,0.065612793,0.00048542023,0.00047969818,0.00040960312,0.00042009354,0.90380859,0.0027179718,0.012466431
20170906-105827-4.jpg,3,3,0.00068378448,0.00051927567,0.00095033646,0.99072266,0.0011816025,0.00035071373,0.0002194643,0.00071620941,0.0046844482
20170913-101102-3.jpg,5,5,0.00074052811,0.00042057037,0.00054597855,0.0016431808,0.0004825592,0.98779297,0.00064373016,0.0010623932,0.0065536499
20180119-115102-2.jpg,8,8,0.00023162365,0.00040125847,0.00012898445,0.00012254715,8.046627e-05,0.00071382523,0.00015556812,0.00019657612,0.99804688
20171113-133713-3.jpg,6,6,0.00024020672,0.0004336834,0.00025177002,0.00015389919,0.00023078918,0.00016582012,0.99414062,0.00030326843,0.0042419434
20170718-132653-2.jpg,7,7,0.0009803772,0.00068044662,0.00033259392,0.0010223389,0.00027179718,0.00051784515,0.00040841103,0.98974609,0.0059776306
20170920-160233-3.jpg,2,2,0.00054359436,0.0004093647,0.99023438,0.00054454803,0.0015182495,0.00020623207,0.00028848648,0.00035977364,0.0061035156
20180112-093259-2.jpg,8,8,0.00020241737,9.4234943e-05,0.0011301041,0.00033068657,0.00022101402,0.00011080503,7.8439713e-05,0.00020802021,0.99755859
20170920-164116-3.jpg,2,2,0.00038981438,0.0002758503,0.9921875,0.00044250488,0.00091362,0.00023829937,0.00020468235,0.00041770935,0.0048599243
20180109-104742-1.jpg,8,8,0.00023162365,0.00013244152,0.00014650822,0.00023066998,0.0001642704,6.8843365e-05,6.6995621e-05,0.00040984154,0.99853516
20171212-105828-3.jpg,8,8,0.00055551529,0.0010271072,0.00012671947,0.00017642975,0.00011050701,0.00015807152,0.00014042854,0.00052785873,0.99707031
20170404-154025-0.jpg,7,7,0.00051927567,0.00037097931,0.00017154217,0.00045776367,0.00016379356,0.00022494793,0.00024437904,0.99414062,0.0036640167
20171113-140544-2.jpg,6,6,0.00033307076,0.00054550171,0.00040578842,0.00029373169,0.00054359436,0.00031805038,0.97363281,0.00053787231,0.023391724
20171218-105735-2.jpg,8,8,0.00022125244,0.00019729137,8.6307526e-05,0.0011701584,6.7174435e-05,0.00017774105,0.00010305643,0.00030183792,0.99755859
20171220-084438-3.jpg,8,8,0.00014162064,0.00013244152,9.4056129e-05,0.00013685226,0.00012099743,9.3400478e-05,7.1048737e-05,0.00017440319,0.99902344
20170729-091808-1.jpg,4,4,0.00030779839,0.00014972687,0.00057697296,0.0003285408,0.99267578,0.00019466877,0.00018334389,0.00025701523,0.0051383972
20180105-093104-2.jpg,8,8,0.00019097328,0.00020051003,0.00022768974,0.00013756752,0.00020694733,0.00013053417,0.068786621,0.00067949295,0.92919922
20171219-105848-2.jpg,8,8,0.00029706955,0.00052690506,0.00032424927,0.00017094612,0.00018811226,0.00013697147,7.545948e-05,0.0003426075,0.99804688
20171102-123049-2.jpg,2,2,0.00037503242,0.00023436546,0.984375,0.00040745735,0.0020027161,0.00027084351,0.00031471252,0.00055932999,0.011436462
20170127-101849-0.jpg,1,1,0.00025391579,0.99316406,0.00014233589,0.00025320053,0.00012898445,0.00026488304,0.00035572052,0.00036907196,0.0050010681
20180109-071728-1.jpg,8,8,0.00012159348,6.9379807e-05,9.9658966e-05,0.00011998415,0.00010544062,9.1075897e-05,0.00015282631,0.00022244453,0.99902344
20180125-091341-2.jpg,8,8,8.9764595e-05,6.7174435e-05,5.5789948e-05,0.00012034178,8.2910061e-05,6.3717365e-05,6.3836575e-05,0.0001065135,0.99951172
20180322-114634-1.jpg,8,8,9.9480152e-05,7.4267387e-05,5.6147575e-05,0.00014388561,6.3419342e-05,9.3519688e-05,4.9412251e-05,0.00013840199,0.99951172
20171220-084214-2.jpg,8,8,0.00012671947,0.00018775463,8.4996223e-05,0.00014913082,8.1419945e-05,0.00015604496,7.7068806e-05,0.00016319752,0.99902344
20180109-102956-2.jpg,8,8,0.00033950806,0.00015974045,0.00013947487,0.0003054142,0.00016772747,0.00010210276,8.5294247e-05,0.0006480217,0.99804688
20180105-093818-2.jpg,8,8,9.8109245e-05,9.1075897e-05,0.00011998415,8.0943108e-05,0.0001360178,0.00010228157,0.00021255016,0.00020003319,0.99902344
20170715-133401-1.jpg,1,1,0.00027179718,0.99658203,9.4115734e-05,0.00024223328,8.7559223e-05,0.00016355515,0.00018250942,0.00035858154,0.0020046234
20170920-111136-3.jpg,2,2,0.00023031235,0.00014960766,0.99316406,0.00024652481,0.0007519722,0.00016546249,0.00014257431,0.00028681755,0.004825592
20171109-094052-3.jpg,5,5,0.00028753281,0.00026273727,0.0003015995,0.00021135807,0.00026798248,0.99560547,0.00020158291,0.00044965744,0.0022029877
20170522-093417-0.jpg,1,1,0.00084781647,0.99365234,0.00022816658,0.0010347366,0.00036144257,0.00034761429,0.00019800663,0.0011434555,0.0023193359
20170714-143358-3.jpg,1,1,0.00026774406,0.99609375,0.00016605854,0.00034022331,0.00016200542,0.00013542175,0.0002207756,0.00047492981,0.0023403168
20171219-095742-2.jpg,8,8,0.00016987324,0.00038480759,0.00012791157,0.00021588802,0.00010174513,0.00018548965,0.00015199184,0.00021147728,0.99853516
20170727-150354-3.jpg,4,4,0.00048208237,0.00017249584,0.00023901463,0.00048780441,0.97949219,0.00016176701,0.00013172626,0.00026941299,0.018341064
20180112-080645-2.jpg,8,8,0.0010309219,0.00013160706,0.00011539459,0.00046658516,0.00017595291,0.00010246038,7.8082085e-05,0.00038743019,0.99755859
20170714-150144-1.jpg,1,1,0.00037693977,0.99365234,0.00021648407,0.00034451485,0.0002374649,0.00021672249,0.00042390823,0.00057601929,0.0040855408
20171102-104723-1.jpg,2,2,0.00020849705,0.00019085407,0.99511719,0.00027513504,0.00078964233,0.00016713142,0.00018560886,0.00026702881,0.0030193329
20170920-113620-2.jpg,2,2,0.00033998489,0.00034666061,0.99267578,0.00036048889,0.0013771057,0.00021612644,0.0003452301,0.0004556179,0.0038146973
20170906-132254-1.jpg,3,2,0.0010538101,0.00026059151,0.71142578,0.21862793,0.0017261505,0.0015068054,0.00030469894,0.00041151047,0.06463623
20180125-131823-3.jpg,8,7,0.0006814003,0.00092792511,0.0003027916,0.00059080124,0.00026869774,0.000213027,0.00052404404,0.69580078,0.30053711
20170501-144349-0.jpg,1,1,0.0004992485,0.98632812,0.00010371208,0.00015521049,5.6922436e-05,0.00017213821,0.00012910366,0.0004427433,0.012268066
20180112-103552-1.jpg,8,8,0.00018465519,9.5903873e-05,0.00014007092,9.1850758e-05,0.00010949373,7.0214272e-05,0.00010097027,0.00052070618,0.99853516
20170727-145816-3.jpg,4,4,0.00035405159,0.00018084049,0.00067281723,0.00044417381,0.99169922,0.00023412704,0.00020194054,0.00029945374,0.0059127808
20180125-100630-1.jpg,8,8,0.00010859966,9.3817711e-05,8.2194805e-05,0.0001218915,0.00012731552,6.6041946e-05,8.9883804e-05,0.00011527538,0.99902344
20171220-090130-2.jpg,8,8,0.046356201,0.0023097992,0.00061035156,0.0024108887,0.0018434525,0.00081586838,0.00023663044,0.0015573502,0.94384766
20171113-093900-3.jpg,5,5,0.00046229362,0.0001308918,0.00013446808,0.0001064539,0.00011533499,0.99414062,7.1108341e-05,0.00027632713,0.0047111511
20171113-144802-3.jpg,6,6,0.00022244453,0.00032186508,0.00020098686,0.0001282692,0.00028061867,0.00016200542,0.98876953,0.0003361702,0.0096740723
20170729-090502-2.jpg,4,4,0.00032782555,0.00017344952,0.002538681,0.00036001205,0.99072266,0.00024294853,0.00025558472,0.00036501884,0.0049858093
20170304-132330-0.jpg,7,7,0.00059127808,0.00024139881,0.00013911724,0.00043487549,0.00011742115,0.00021576881,0.0001885891,0.99511719,0.002954483
20180112-094034-1.jpg,8,8,0.00016641617,0.00012230873,8.4459782e-05,0.00013136864,7.9274178e-05,8.9049339e-05,0.00014257431,0.00026917458,0.99902344
20170920-101832-2.jpg,2,2,0.00027132034,0.00030565262,0.99316406,0.00022220612,0.0010175705,0.00021243095,0.0003452301,0.0002784729,0.0041847229
20171113-141121-2.jpg,6,6,0.00012695789,0.00027680397,0.00014400482,8.5532665e-05,0.0001860857,0.00011283159,0.99658203,0.00017631054,0.002368927
20171113-101952-3.jpg,5,5,0.00038957596,0.00014257431,0.000172019,0.00016272068,0.0001347065,0.99707031,0.00011312962,0.00024604797,0.001742363
20170315-090946-0.jpg,8,8,0.00029039383,0.00019800663,0.00029039383,0.00025391579,0.00019860268,0.00013029575,0.00011235476,0.00043392181,0.99804688
20171121-090026-2.jpg,6,6,0.00016498566,0.00045633316,9.8645687e-05,9.4771385e-05,0.0001553297,9.3758106e-05,0.99560547,0.00017499924,0.0029983521
20171220-094530-2.jpg,8,8,0.000395298,0.0087966919,0.00010550022,0.00044584274,9.1314316e-05,0.00022423267,0.00010341406,0.011779785,0.97802734
20180119-113956-1.jpg,8,8,0.00013506413,0.00032830238,0.00013685226,0.00010204315,9.316206e-05,0.00010037422,0.00056409836,0.00034928322,0.99804688
20180109-095939-2.jpg,8,8,0.00039196014,0.00068902969,0.00086021423,0.00026202202,0.00021708012,0.00033402443,0.00016713142,0.00045466423,0.99658203
20171102-102243-2.jpg,2,2,0.00048112869,0.00019192696,0.86914062,0.0012845993,0.0046463013,0.00013244152,0.00023019314,0.0007314682,0.12322998
20180112-092826-1.jpg,8,8,0.00014340878,0.00011748075,0.00018501282,0.00017380714,0.00018846989,8.7380409e-05,0.00012803078,0.00035142899,0.99853516
20170217-152041-0.jpg,0,0,0.98291016,0.00090312958,0.00031280518,0.00051307678,0.00044107437,0.00026607513,0.00046443939,0.0032405853,0.010948181
20180105-100717-3.jpg,8,8,0.00053882599,0.00039696693,0.45849609,0.00019443035,0.0019950867,0.00026583672,0.0016899109,0.00036549568,0.53613281
20171025-081510-3.jpg,3,3,0.00071954727,0.00093364716,0.00050258636,0.97998047,0.0014352798,0.00045347214,0.000223279,0.00084924698,0.014793396
20170728-145825-1.jpg,4,4,0.00042486191,0.00017058849,0.00060892105,0.00051259995,0.99414062,0.0002720356,0.00026392937,0.00043010712,0.0034141541
20170127-102124-0.jpg,1,1,0.000259161,0.99462891,0.00017917156,0.00028038025,0.00014531612,0.00019109249,0.00022339821,0.00032091141,0.0036411285
20171113-124335-1.jpg,6,6,0.00020778179,0.00048136711,0.00018978119,8.6128712e-05,0.0002104044,7.557869e-05,0.99560547,0.00020551682,0.0029277802
20170913-103603-3.jpg,5,5,0.00095272064,0.00082445145,0.00033688545,0.00016140938,0.00058603287,0.98681641,0.00029087067,0.0003259182,0.0095825195
20180105-100739-3.jpg,8,8,0.0001424551,9.894371e-05,0.00020742416,0.00010186434,0.00010460615,7.8558922e-05,0.0012760162,0.00015676022,0.99804688
20170405-155358-0.jpg,0,0,0.98144531,0.0005531311,0.00015580654,0.00011181831,0.00029492378,0.00027537346,0.00018072128,0.0053596497,0.011604309
20170130-102858-0.jpg,1,1,0.00086975098,0.99462891,0.00015056133,0.00020623207,0.00012731552,0.00019073486,9.0539455e-05,0.00021278858,0.0033092499
20180322-130751-1.jpg,8,8,0.00023543835,0.00017619133,0.00023567677,0.00085544586,0.0030174255,0.00024962425,0.00025701523,0.00023686886,0.99462891
20180109-070018-2.jpg,8,8,0.0003118515,0.00025939941,0.00063896179,0.0074005127,0.0027046204,0.00017631054,0.00049543381,0.0005979538,0.98730469
20170714-170300-1.jpg,1,1,0.0003759861,0.99462891,0.00015842915,0.00039720535,0.00015628338,0.00027275085,0.00024580956,0.00061511993,0.002954483
20170304-131518-0.jpg,7,7,0.0010852814,0.0018558502,0.00025343895,0.00041270256,0.00016546249,0.0004427433,0.00027179718,0.98876953,0.0068740845
20170920-184941-1.jpg,2,2,0.00022208691,0.00021350384,0.99462891,0.00021183491,0.00071287155,0.00019049644,0.0002117157,0.00026226044,0.0033473969
20171220-083131-3.jpg,8,8,0.00025033951,0.00018584728,0.00018692017,0.00033426285,0.00012969971,0.00017940998,7.891655e-05,0.00054740906,0.99804688
20170920-100529-1.jpg,2,2,0.00024628639,0.00022029877,0.99365234,0.00016152859,0.00075054169,0.000218153,0.00024700165,0.00023400784,0.0043792725
20180322-120934-2.jpg,8,8,0.0001065135,0.00010365248,5.4836273e-05,0.00013387203,6.7293644e-05,8.5055828e-05,8.4519386e-05,0.00017249584,0.99902344
20171219-104758-2.jpg,8,8,0.0001398325,0.00010299683,0.00011903048,0.00023365021,9.5844269e-05,0.00012099743,6.3359737e-05,0.00020134449,0.99902344
20171218-110051-3.jpg,8,8,0.00014412403,0.00023162365,9.6261501e-05,0.00012648106,8.2015991e-05,0.00015592575,0.00018560886,0.00021648407,0.99853516
20170714-133313-1.jpg,1,1,0.00029349327,0.99560547,0.00014305115,0.0002373457,0.00012969971,0.0001732111,0.00021922588,0.00043201447,0.0027942657
20170920-112602-3.jpg,2,2,0.0002412796,0.00025463104,0.99462891,0.00019454956,0.00058031082,0.00022268295,0.00022351742,0.00025725365,0.0035629272
20170714-170250-1.jpg,1,1,0.0005402565,0.99169922,0.00024986267,0.0006313324,0.00022792816,0.00032567978,0.00030612946,0.0010108948,0.0049667358
20170404-153723-0.jpg,7,7,0.0012979507,0.0011177063,0.00025367737,0.00036025047,0.00013530254,0.00028181076,0.00024938583,0.97509766,0.02116394
20170304-131916-0.jpg,7,7,0.00040245056,0.00013434887,9.1195107e-05,0.00019812584,7.7307224e-05,9.727478e-05,8.1002712e-05,0.99609375,0.0028095245
20180109-072300-1.jpg,8,8,9.6201897e-05,0.00013065338,0.00012910366,7.6949596e-05,0.00013101101,0.0001065135,0.00111866,0.00018525124,0.99804688
20180112-070959-2.jpg,8,8,9.572506e-05,0.00011974573,5.7220459e-05,0.00032687187,0.00012636185,9.2148781e-05,6.7293644e-05,0.00012898445,0.99902344
20171113-123243-1.jpg,6,6,0.00024747849,0.00062894821,0.00029635429,0.0001578331,0.00038051605,0.00021219254,0.99316406,0.00033044815,0.0047187805
20170521-153441-0.jpg,1,7,0.0013790131,0.0044975281,0.00023066998,0.00048041344,0.0001424551,0.00045132637,0.00033473969,0.98876953,0.0034732819
20170913-122502-2.jpg,5,5,0.0005068779,0.00078868866,0.00085115433,0.0011768341,0.0021190643,0.984375,0.00065803528,0.00050163269,0.009223938
20180112-091623-2.jpg,8,8,0.00018393993,7.9631805e-05,0.00078773499,0.00011628866,0.00013184547,0.00010609627,6.2584877e-05,0.00014185905,0.99853516
20171025-091847-2.jpg,3,3,0.00066804886,0.00045204163,0.00054454803,0.99072266,0.00083065033,0.00032401085,0.00026345253,0.00057315826,0.0058250427
20171109-072638-1.jpg,5,5,0.00022089481,0.00021898746,0.00014638901,0.00013875961,0.00015199184,0.99560547,0.00010758638,0.00027751923,0.0033683777
20180119-113529-2.jpg,8,8,0.00011914968,0.00039362907,4.7087669e-05,6.9081783e-05,4.5180321e-05,0.00011789799,6.4849854e-05,9.7751617e-05,0.99902344
20170210-132301-0.jpg,0,0,0.98828125,0.00032186508,0.00065422058,0.00056362152,0.00060796738,0.0017642975,0.00024437904,0.00053262711,0.0069923401
20180125-101314-1.jpg,8,8,9.3340874e-05,0.00010353327,9.2625618e-05,0.00015151501,0.00012636185,6.2227249e-05,0.00021398067,0.0001231432,0.99902344
20180119-111347-1.jpg,8,8,0.00014400482,0.00060462952,5.6624413e-05,8.7976456e-05,6.1690807e-05,0.00012254715,0.0002207756,0.0002117157,0.99853516
20171212-095442-1.jpg,8,8,0.00025701523,0.00019216537,0.00023901463,0.00049114227,0.00018501282,0.00030469894,0.00013363361,0.00050640106,0.99755859
20170714-142847-3.jpg,1,1,0.00083827972,0.98632812,0.0003387928,0.0006980896,0.00031971931,0.00048971176,0.00063276291,0.0010080338,0.0091018677
20180109-074141-2.jpg,8,8,0.00028038025,0.00014543533,0.00020670891,0.00023317337,0.00016856194,0.00019478798,0.00015819073,0.00023841858,0.99853516
20171217-103510-2.jpg,8,8,0.00030374527,0.00086688995,0.00014591217,9.9122524e-05,0.00020349026,0.00013625622,7.4982643e-05,0.00028634071,0.99804688
20180109-092204-2.jpg,8,8,0.00014328957,0.00015473366,8.481741e-05,0.00014615059,0.00011992455,0.00019335747,0.00011456013,0.00022447109,0.99902344
20171109-092732-2.jpg,5,5,0.0013313293,0.0014753342,0.0042419434,0.0010709763,0.0031261444,0.94970703,0.00082111359,0.0014333725,0.036621094
20171220-084724-3.jpg,8,8,0.00035834312,0.00037384033,0.00029706955,0.007522583,0.00020682812,0.00021648407,0.00014007092,0.00084781647,0.99023438
20180105-093439-2.jpg,8,8,0.00016760826,0.00020551682,0.00070047379,0.00024282932,0.00023424625,0.00013649464,0.0027217865,0.00034689903,0.99511719
20170920-181851-1.jpg,2,2,0.00034213066,0.00040745735,0.98974609,0.0003554821,0.0027675629,0.00029087067,0.00027942657,0.00041389465,0.0056381226
20180109-092312-2.jpg,8,8,0.00013697147,0.00017154217,9.4711781e-05,0.00010871887,8.1598759e-05,8.559227e-05,8.4757805e-05,0.0001885891,0.99902344
20180105-094722-2.jpg,8,8,7.8082085e-05,4.5657158e-05,0.00012081861,7.8320503e-05,9.649992e-05,7.3373318e-05,0.00016844273,0.00015687943,0.99902344
20170920-190503-1.jpg,2,2,0.00082159042,0.00041151047,0.96679688,0.0006942749,0.021865845,0.00018298626,0.00021231174,0.00069952011,0.0082397461
20170913-105051-1.jpg,3,3,0.00036478043,0.00037264824,0.00038862228,0.9921875,0.00069046021,0.00049352646,0.00015175343,0.00047636032,0.0049934387
20171025-080643-2.jpg,3,3,0.00069046021,0.00046253204,0.00053691864,0.99121094,0.00073623657,0.000446558,0.00027322769,0.00078392029,0.004940033
20171219-100737-2.jpg,8,8,0.00011962652,0.00019228458,7.0273876e-05,0.0001052618,6.0141087e-05,8.5055828e-05,6.5267086e-05,0.00020313263,0.99902344
20170727-113408-3.jpg,4,4,0.00025987625,0.00016605854,0.0007610321,0.00034117699,0.99316406,0.00021600723,0.00024187565,0.00034284592,0.0044517517
20171025-100416-2.jpg,3,3,0.00059890747,0.0003619194,0.00048685074,0.99169922,0.00074148178,0.00033640862,0.00026059151,0.00046873093,0.0048980713
20180105-100924-3.jpg,8,8,0.00013875961,0.00012516975,9.9420547e-05,0.00010275841,0.0001090765,7.969141e-05,0.00073194504,0.00018692017,0.99853516
20171219-115041-2.jpg,8,8,0.00013017654,0.00011831522,0.00026488304,9.4056129e-05,0.00013709068,7.9810619e-05,0.00013458729,0.00025320053,0.99902344
20171218-105127-2.jpg,8,8,0.00036334991,0.00021374226,9.727478e-05,0.00011217594,7.0750713e-05,0.00020456314,6.9797039e-05,0.00036215782,0.99853516
20161207-144807-0.jpg,7,8,0.010856628,0.35913086,0.00022161007,0.00092411041,0.00023174286,0.0019683838,0.0004029274,0.01525116,0.61083984
20170728-154551-1.jpg,4,4,0.00048041344,0.00023806095,0.00089836121,0.00048923492,0.98876953,0.00029182434,0.00027275085,0.00043177605,0.0079269409
20170920-112915-3.jpg,2,2,0.0003387928,0.00028920174,0.99365234,0.00037240982,0.00075674057,0.00027036667,0.00026154518,0.00034117699,0.0039215088
20180112-073902-1.jpg,8,8,0.00029063225,0.00084447861,0.00012528896,0.00065803528,0.00017726421,0.00018048286,0.00023722649,0.0022258759,0.99511719
20171212-100452-3.jpg,8,8,0.00080633163,0.0010490417,0.0005197525,0.00056505203,0.0007276535,0.296875,0.00062942505,0.00077152252,0.69824219
20180105-100038-2.jpg,8,8,0.00011360645,7.8141689e-05,0.0001142621,7.5221062e-05,9.4234943e-05,8.1241131e-05,0.00022912025,0.00017631054,0.99902344
20180109-091312-2.jpg,8,8,0.00062847137,0.0024871826,0.00016093254,0.0004529953,0.00013494492,0.0027503967,0.00058221817,0.00078344345,0.9921875
20171218-115247-2.jpg,8,8,0.00011557341,0.00019347668,4.7981739e-05,0.00010967255,4.5537949e-05,0.00012755394,7.7068806e-05,0.00022315979,0.99902344
20180109-101245-2.jpg,8,8,0.00015938282,0.00011503696,0.00012421608,0.00024306774,0.00017940998,0.00012141466,0.00039291382,0.00049972534,0.99804688
20180109-072502-1.jpg,8,8,0.00010943413,0.00011819601,8.1777573e-05,0.00015330315,8.6069107e-05,8.2850456e-05,0.00019669533,0.00021696091,0.99902344
20171218-121347-2.jpg,8,8,0.00017023087,0.00020539761,0.00010919571,0.0003156662,8.9108944e-05,0.0002322197,9.3102455e-05,0.00027918816,0.99853516
20180125-131813-2.jpg,8,8,8.6426735e-05,8.0227852e-05,5.7578087e-05,0.00011640787,5.5730343e-05,7.8558922e-05,5.6743622e-05,0.00012469292,0.99951172
20171220-084337-3.jpg,8,8,0.00011879206,0.00011813641,7.0393085e-05,0.00012791157,7.5280666e-05,8.5055828e-05,6.7591667e-05,0.00016260147,0.99902344
20171109-070917-1.jpg,5,5,0.00033569336,0.00059223175,0.00027751923,0.00028800964,0.00023138523,0.98925781,0.00015628338,0.00060844421,0.0084609985
20180322-114711-1.jpg,8,8,0.00010061264,0.0001077652,6.6637993e-05,9.2506409e-05,6.0081482e-05,0.00020086765,5.4419041e-05,0.00012981892,0.99902344
20180105-093654-2.jpg,8,8,0.00014650822,0.00021183491,0.00013816357,0.00012373924,0.00013101101,0.00020039082,0.0003349781,0.00032186508,0.99853516
20170728-122224-3.jpg,4,4,0.00045347214,0.00021827221,0.00073337555,0.00050258636,0.99267578,0.00029706955,0.00025272369,0.00044250488,0.0042495728
20170811-110232-1.jpg,0,0,0.9921875,0.00054121017,0.00043177605,0.00052499771,0.00047659874,0.00055789948,0.00034093857,0.0008263588,0.0043563843
20180109-080646-2.jpg,8,8,8.4578991e-05,7.9154968e-05,0.00012648106,7.3969364e-05,8.6426735e-05,7.0989132e-05,0.00014364719,0.0001885891,0.99902344
20171218-105411-3.jpg,8,8,0.00019788742,0.00021004677,0.0001026392,0.00013005733,8.6247921e-05,0.001499176,0.00011664629,0.00019419193,0.99755859
20170906-112042-4.jpg,3,3,0.00099182129,0.00066232681,0.0011148453,0.98974609,0.0012521744,0.00055027008,0.00034165382,0.00097513199,0.0043754578
20171025-094302-2.jpg,3,3,0.00071811676,0.00055122375,0.00040602684,0.99121094,0.00056791306,0.00032901764,0.00043702126,0.00041770935,0.0055465698
20180105-092629-2.jpg,8,8,0.00013720989,0.00021457672,0.00012373924,9.0062618e-05,0.0001116395,0.00016748905,0.0090484619,0.00027298927,0.98974609
20171122-095852-1.jpg,5,5,0.00055170059,0.00054216385,0.00048542023,0.00049257278,0.00040483475,0.97949219,0.00041294098,0.00075149536,0.017044067
20170920-185519-1.jpg,2,2,0.00026655197,0.00023579597,0.99511719,0.00029587746,0.00073766708,0.00019454956,0.00022101402,0.00027155876,0.002822876
20171109-073438-1.jpg,5,5,0.00012552738,0.00019788742,0.00016582012,0.00014054775,0.00014853477,0.99560547,8.72612e-05,0.00019574165,0.0034656525
20171220-090323-3.jpg,8,8,0.00024247169,0.0010375977,0.00011366606,0.00034713745,7.9631805e-05,0.00010406971,0.00010532141,0.00026917458,0.99755859
20170714-170829-1.jpg,1,1,0.00047183037,0.95654297,0.00023651123,0.00048208237,0.0001667738,0.00026631355,0.00020587444,0.00066709518,0.041137695
20180105-092837-2.jpg,8,8,8.0287457e-05,5.7578087e-05,0.00012981892,0.00010442734,7.4863434e-05,9.906292e-05,0.00016617775,0.000218153,0.99902344
20171219-112707-3.jpg,8,8,0.00060033798,0.0014677048,0.020812988,0.0013494492,0.0011053085,0.00016140938,0.00038290024,0.00058031082,0.97363281
20180125-134604-3.jpg,8,8,0.00017142296,0.00011193752,0.00011479855,8.7857246e-05,8.6963177e-05,7.0631504e-05,0.00015306473,0.00035500526,0.99902344
20170210-131852-0.jpg,7,7,0.0004427433,0.00058078766,0.00020444393,0.00044059753,0.00015366077,0.00031375885,0.00026512146,0.99414062,0.0032844543
20180109-075528-2.jpg,8,8,0.00014710426,0.00012600422,0.0011281967,0.00019872189,0.00023901463,9.3221664e-05,0.0026702881,0.00036382675,0.99511719
20170913-110924-1.jpg,3,3,0.00030589104,0.00029706955,0.00030946732,0.99316406,0.00071525574,0.00043129921,0.0001449585,0.00039124489,0.0044708252
20171212-095801-3.jpg,8,8,0.00012147427,0.00029277802,7.6234341e-05,0.00013625622,7.1465969e-05,0.00012695789,0.00014722347,0.00017058849,0.99902344
20180125-091721-2.jpg,8,8,4.863739e-05,3.8027763e-05,4.6551228e-05,0.00019574165,0.0013628006,4.8339367e-05,6.622076e-05,5.0663948e-05,0.99804688
20180109-072056-2.jpg,8,8,0.00010228157,5.7458878e-05,0.00014233589,0.00014615059,0.00011312962,6.6578388e-05,0.00012254715,0.00021672249,0.99902344
20171113-121432-2.jpg,6,6,0.00019967556,0.00036501884,0.00024294853,0.00014555454,0.00035905838,0.0002887249,0.99511719,0.00035881996,0.0031452179
20171121-091041-1.jpg,6,6,0.00018393993,0.00050878525,0.00015211105,9.9718571e-05,0.00018250942,0.00011980534,0.99609375,0.00026035309,0.0025367737
20180125-095855-1.jpg,8,8,8.559227e-05,4.3034554e-05,7.8082085e-05,9.649992e-05,6.6816807e-05,5.2809715e-05,0.00011259317,0.00014090538,0.99951172
20180109-074701-2.jpg,8,8,0.0003528595,0.00016129017,0.00019919872,0.00017154217,0.00017476082,0.00017511845,0.00022351742,0.00019323826,0.99853516
20171203-173455-3.jpg,8,8,0.00030064583,0.012908936,8.4221363e-05,0.00018823147,0.00016009808,0.00034689903,0.0026035309,0.00025057793,0.98339844
20180109-065926-1.jpg,8,8,0.0001899004,5.6803226e-05,8.2314014e-05,0.00011640787,0.00011998415,7.0393085e-05,9.3996525e-05,0.00023472309,0.99902344
20171203-172227-3.jpg,8,8,0.00013399124,0.00026750565,5.9247017e-05,0.00011456013,6.1035156e-05,0.00011980534,8.1658363e-05,0.00023913383,0.99902344
20170913-095810-2.jpg,3,3,0.00097417831,0.00055360794,0.00058460236,0.98828125,0.0026836395,0.00079727173,0.00028705597,0.00066709518,0.0053825378
20171102-122707-1.jpg,2,2,0.00034308434,0.00026965141,0.9921875,0.00045824051,0.0010042191,0.00031280518,0.00023949146,0.00039291382,0.0050201416
20171218-103140-2.jpg,8,8,0.00065040588,0.00044226646,0.00012278557,0.0001989603,0.00064659119,9.7513199e-05,9.2506409e-05,0.00057506561,0.99707031
20180112-101855-1.jpg,8,8,0.00018692017,0.00026726723,0.00016903877,0.00020611286,0.000197649,0.0001488924,0.00033545494,0.00041556358,0.99804688
20180109-072157-1.jpg,8,8,0.00016868114,0.0001039505,0.00010424852,0.0001553297,0.00030684471,0.00012922287,0.00045275688,0.00025773048,0.99853516
20171109-071710-3.jpg,5,5,0.00044870377,0.00027728081,0.00031399727,0.0002450943,0.00031137466,0.99365234,0.00024724007,0.00047779083,0.0039596558
20161207-111744-0.jpg,0,0,0.99121094,0.00033807755,0.00017666817,0.00021135807,0.00020051003,0.0027217865,0.00018382072,0.00026321411,0.0045776367
20171218-112553-3.jpg,8,8,9.8705292e-05,9.4711781e-05,5.4597855e-05,0.00012081861,4.9114227e-05,0.00023114681,8.8453293e-05,0.0001540184,0.99902344
20180109-080400-1.jpg,8,8,8.815527e-05,8.7559223e-05,0.00010180473,9.8586082e-05,9.9718571e-05,9.7870827e-05,0.00044798851,0.00019872189,0.99902344
20170920-162231-3.jpg,2,2,0.00017619133,0.00016665459,0.99609375,0.00021219254,0.0004863739,0.00010889769,0.00018131733,0.00017726421,0.0024757385
20180105-101120-3.jpg,8,8,0.00013816357,0.00011843443,0.00015544891,0.0001449585,0.00016438961,6.8843365e-05,0.00028467178,0.00021588802,0.99853516
20170714-143530-2.jpg,1,1,0.00026035309,0.99365234,0.00018072128,0.00036668777,0.00014662743,0.00021517277,0.00028681755,0.00040555,0.004535675
20171113-142802-3.jpg,6,6,0.00011837482,0.00022530556,0.00012129545,8.6724758e-05,0.00011897087,9.1552734e-05,0.99169922,0.00043416023,0.0070991516
20170727-130258-1.jpg,4,4,0.00047230721,0.00026106834,0.0010643005,0.00056886673,0.99267578,0.00026321411,0.00030946732,0.00048875809,0.0039558411
20170728-124159-2.jpg,4,4,0.00036430359,0.00018620491,0.00056934357,0.00050354004,0.99365234,0.00028848648,0.00023698807,0.00038146973,0.0039215088
20170718-094725-2.jpg,0,0,0.99414062,0.00067853928,9.316206e-05,0.00026130676,0.00014436245,0.00012850761,7.0691109e-05,0.00064706802,0.0040473938
20171025-073644-3.jpg,3,3,0.0007982254,0.00086545944,0.00049543381,0.97509766,0.00074577332,0.00032138824,0.00029349327,0.0010070801,0.020278931
20171102-122142-3.jpg,2,2,0.0003182888,0.00022721291,0.99414062,0.00020229816,0.00080347061,0.00020945072,0.00020563602,0.00027012825,0.0038013458
20180322-105228-1.jpg,8,8,0.00012081861,7.5221062e-05,6.1631203e-05,0.00015163422,7.8320503e-05,9.2327595e-05,6.8724155e-05,0.00017511845,0.99902344
20170920-113422-2.jpg,2,2,0.00041103363,0.00026464462,0.99414062,0.0004837513,0.0010175705,0.00017142296,0.00018274784,0.00043392181,0.0030937195
20170210-141602-0.jpg,7,7,0.00099086761,0.00087690353,0.00031423569,0.00043582916,0.00026893616,0.00058174133,0.00022482872,0.99169922,0.0048408508
20170729-092455-2.jpg,4,4,0.00034236908,0.00016283989,0.00049877167,0.0004491806,0.99267578,0.00020027161,0.00020217896,0.00030708313,0.0049247742
20170210-133211-0.jpg,0,0,0.98730469,0.0031642914,0.0002001524,0.00032687187,0.00035691261,0.00037026405,0.00045108795,0.00086402893,0.0067443848
20170920-190826-1.jpg,2,2,0.000415802,0.00041985512,0.99169922,0.00034022331,0.0017433167,0.00022888184,0.00023543835,0.00048279762,0.0043258667
20171212-105756-3.jpg,8,8,0.00053691864,0.00111866,0.00020503998,0.00027489662,0.00020110607,0.00013113022,0.03729248,0.00043106079,0.95996094
20170705-162824-0.jpg,8,7,0.045349121,0.00069284439,0.00022101402,0.0010986328,0.00045514107,0.00033569336,0.00023937225,0.6640625,0.2878418
20171218-103654-2.jpg,8,8,0.00051879883,0.00021612644,0.00011706352,0.00024199486,8.970499e-05,0.00019967556,5.8710575e-05,0.00081396103,0.99755859
20171205-144246-2.jpg,8,8,0.00053405762,0.00035834312,0.00025725365,0.0033664703,0.00032687187,0.0053291321,0.00042676926,0.00060653687,0.98876953
20170728-150813-1.jpg,8,8,0.00043344498,0.00030016899,0.00032186508,0.00075912476,0.00035595894,0.00013804436,0.00016713142,0.00086832047,0.99658203
20170501-143642-0.jpg,1,1,0.00054550171,0.99462891,0.00018370152,0.0003554821,0.00016319752,0.00032234192,0.00024008751,0.00065088272,0.0031089783
20180112-082623-1.jpg,8,8,0.00014483929,0.00018060207,8.6545944e-05,0.0003054142,8.8274479e-05,0.0001103878,0.00012552738,0.00028657913,0.99853516
20170913-105539-3.jpg,5,5,0.0034923553,0.00022852421,0.00011336803,7.0929527e-05,5.6147575e-05,0.98730469,6.3240528e-05,5.8591366e-05,0.0083770752
20170705-162050-0.jpg,7,7,0.0014743805,0.00033259392,7.8082085e-05,0.00032758713,0.00015676022,0.00018322468,0.00015890598,0.95507812,0.042205811
20180109-105155-2.jpg,8,8,0.00041794777,0.00011819601,0.00022149086,0.00045394897,0.00013995171,0.00012135506,9.5188618e-05,0.00041675568,0.99804688
20171113-144318-3.jpg,6,6,0.00024330616,0.0002746582,0.00018417835,0.00012660027,0.00024020672,0.00014197826,0.99511719,0.00024724007,0.0034618378
20170217-100519-0.jpg,7,7,0.0016336441,0.00022256374,0.00017213821,0.00013232231,8.6426735e-05,0.00018954277,0.00013148785,0.99121094,0.0060691833
20180112-102708-1.jpg,8,8,0.000177145,0.00015568733,0.00017631054,0.0002156496,0.00015711784,0.0001502037,0.00030112267,0.00032687187,0.99853516
20170610-124334-0.jpg,1,8,0.0030555725,0.067199707,0.00021600723,0.00041818619,0.00028681755,0.00071811676,0.0340271,0.0068130493,0.88720703
20171025-093119-2.jpg,3,3,0.00054121017,0.0004196167,0.00042748451,0.99267578,0.00063562393,0.00032234192,0.00024330616,0.0004389286,0.0045318604
20171220-100545-2.jpg,8,8,0.00031733513,0.00024580956,0.00021064281,0.00020587444,9.226799e-05,0.0002052784,0.00010311604,0.00031495094,0.99853516
20180322-111955-2.jpg,8,8,0.00015926361,9.2506409e-05,5.2034855e-05,0.00012898445,6.2286854e-05,7.3194504e-05,6.9439411e-05,0.00021445751,0.99902344
20180322-125704-1.jpg,8,8,6.7830086e-05,6.8306923e-05,5.8174133e-05,0.00011736155,6.300211e-05,6.7532063e-05,6.467104e-05,9.5963478e-05,0.99951172
20180322-114702-1.jpg,8,8,0.00012177229,6.7651272e-05,4.0769577e-05,9.393692e-05,4.9710274e-05,8.4757805e-05,4.9948692e-05,0.00015997887,0.99951172
20180112-072757-2.jpg,8,8,0.00036096573,6.1750412e-05,3.0994415e-05,0.00033140182,0.00024437904,8.2552433e-05,6.3538551e-05,0.00017893314,0.99853516
20171122-102101-1.jpg,5,5,0.00043678284,0.00038647652,0.00030446053,0.00032067299,0.00025629997,0.99316406,0.00034570694,0.00048303604,0.0043525696
20170727-125810-3.jpg,4,4,0.00054597855,0.00018906593,0.0013980865,0.00060510635,0.96435547,0.00017118454,0.0003349781,0.00040888786,0.032043457
20170217-103346-0.jpg,0,0,0.99169922,0.00024437904,0.00020575523,0.00035834312,0.00034165382,0.00028133392,0.00028204918,0.00050115585,0.0058517456
20171121-083939-1.jpg,6,6,0.000197649,0.00030112267,0.00020432472,9.1016293e-05,0.00022554398,0.00012814999,0.99609375,0.00021874905,0.0023174286
20171212-094227-1.jpg,8,8,0.00020182133,0.00041890144,0.00012528896,0.00049638748,0.00015211105,0.00027036667,9.3340874e-05,0.00035691261,0.99804688
20180125-134055-3.jpg,8,8,0.00042390823,0.00041747093,0.00035119057,0.00032043457,0.00029945374,0.00014328957,0.00035905838,0.00081205368,0.99707031
20170920-095322-1.jpg,2,2,0.00031042099,0.00024414062,0.9921875,0.00018215179,0.0011634827,0.00026345253,0.00023663044,0.00030827522,0.0053329468
20180109-080101-2.jpg,7,7,0.0012922287,0.0005645752,0.00018548965,0.00045681,0.00017154217,0.00017631054,0.00090885162,0.92919922,0.066833496
20180112-091641-1.jpg,8,8,0.00014650822,0.00014710426,8.1717968e-05,0.00010728836,0.00011867285,8.1062317e-05,8.1181526e-05,0.0002784729,0.99902344
20171113-144523-3.jpg,6,6,0.000259161,0.016082764,6.3180923e-05,5.9962273e-05,7.0750713e-05,0.00010687113,0.96386719,0.00034594536,0.01890564
20170920-110646-3.jpg,2,2,0.0002374649,0.00018846989,0.99462891,0.0002194643,0.00069904327,0.00016689301,0.00015771389,0.00022351742,0.0036678314
20171219-092939-3.jpg,8,8,0.00018703938,0.00028848648,7.468462e-05,0.00019907951,7.8856945e-05,0.00019216537,0.0012025833,0.00019407272,0.99755859
20180105-092612-2.jpg,8,8,9.5188618e-05,6.9797039e-05,0.00015902519,6.5088272e-05,0.00010359287,6.9856644e-05,0.00017428398,0.00023233891,0.99902344
20180112-094508-1.jpg,8,8,0.00014102459,0.00014615059,7.4625015e-05,0.00016379356,7.8201294e-05,0.00011754036,0.00011146069,0.0002579689,0.99902344
20180112-101800-1.jpg,8,8,0.00017344952,0.00013208389,8.8870525e-05,0.00011444092,8.5890293e-05,9.1433525e-05,0.0001308918,0.00027894974,0.99902344
20170727-164020-3.jpg,4,4,0.00051736832,0.0002617836,0.00047945976,0.00058889389,0.99169922,0.00028586388,0.0002065897,0.00035381317,0.0055999756
20171121-082501-2.jpg,6,6,0.00021183491,0.00027871132,0.00017297268,0.00012493134,0.00020992756,0.00013542175,0.99414062,0.0002310276,0.0044136047
20171102-094636-3.jpg,4,8,0.00054883957,0.00043392181,0.0001860857,0.00039744377,0.0090408325,0.00014066696,0.00012397766,0.00042462349,0.98876953
20171109-093105-1.jpg,5,5,0.00033903122,0.00030183792,0.00026345253,0.00034070015,0.00028443336,0.99414062,0.00025868416,0.0004901886,0.0035915375
20180125-100300-1.jpg,8,8,8.2492828e-05,9.1433525e-05,7.1108341e-05,8.392334e-05,5.6266785e-05,7.6472759e-05,0.00016129017,0.00014412403,0.99902344
20170718-132051-2.jpg,0,0,0.69970703,0.0044631958,0.00098419189,0.00053930283,0.0008354187,0.00056505203,0.00048923492,0.0047225952,0.28759766
20170127-102015-0.jpg,1,1,0.00034379959,0.9921875,0.00019228458,0.000436306,0.00019550323,0.00028824806,0.00036549568,0.00044059753,0.0056190491
20180109-102849-2.jpg,8,8,0.00046133995,0.00030469894,0.00033831596,0.00069189072,0.00039815903,0.00014829636,0.0001616478,0.0010795593,0.99658203
20180105-095426-2.jpg,8,8,9.304285e-05,6.878376e-05,0.00010401011,9.2327595e-05,0.00013387203,8.0287457e-05,0.00025963783,0.00015795231,0.99902344
20170707-111748-0.jpg,0,0,0.99121094,0.00045371056,0.00019991398,0.00047039986,0.0002951622,0.00026130676,0.0002168417,0.00097846985,0.0058135986
20170811-113945-2.jpg,0,0,0.97167969,0.0011034012,0.002571106,0.0015964508,0.0032310486,0.0011196136,0.00067663193,0.0018596649,0.016342163
20170714-142040-2.jpg,1,1,0.0013751984,0.9921875,0.00019264221,0.00043916702,0.00016474724,0.00025510788,0.00016999245,0.00054979324,0.0046577454
20170714-120513-2.jpg,1,1,0.00031900406,0.99560547,0.00017058849,0.00036072731,0.00019276142,0.00022161007,0.00020396709,0.00064849854,0.0024242401
20180112-071909-1.jpg,8,8,0.00010198355,0.00014531612,9.4354153e-05,0.00017797947,0.00012254715,7.134676e-05,9.6082687e-05,0.0002553463,0.99902344
20171203-165821-3.jpg,8,8,0.00047707558,0.00053739548,0.00017666817,0.0003721714,0.00019693375,0.0001847744,8.7738037e-05,0.0014057159,0.99658203
20180119-110234-2.jpg,8,8,0.00063467026,0.00084257126,0.00016736984,0.00012230873,0.00017726421,0.00012022257,0.00017511845,0.00060272217,0.99707031
20180109-080350-1.jpg,8,8,7.5876713e-05,9.2446804e-05,8.0287457e-05,0.00011718273,7.6770782e-05,8.1002712e-05,0.00039958954,0.00018262863,0.99902344
20170718-132932-2.jpg,0,0,0.99316406,0.00018298626,0.00019776821,0.00030446053,0.0002374649,0.00014674664,0.00013911724,0.00042462349,0.0051078796
20170405-155128-0.jpg,0,0,0.99365234,0.00020968914,0.00017464161,0.00020980835,0.00020968914,0.00024628639,0.00021445751,0.0010271072,0.00390625
20171220-083300-3.jpg,8,8,0.00040197372,0.00020956993,0.00017845631,0.00043296814,0.00019407272,0.00020837784,0.0001065135,0.0006942749,0.99755859
20170727-154540-1.jpg,4,4,0.00039291382,0.00020825863,0.00057029724,0.00050210953,0.9921875,0.00028944016,0.00024139881,0.00039339066,0.0051460266
20170913-103238-2.jpg,3,3,0.0012636185,0.00041031837,0.0002374649,0.99121094,0.0015621185,0.0006608963,0.00014269352,0.00043082237,0.0040664673
20180119-110920-2.jpg,8,1,0.0021266937,0.79248047,0.00015723705,0.00025510788,0.00014913082,0.00047492981,0.051574707,0.00074338913,0.15185547
20171109-092642-1.jpg,5,5,0.00023388863,0.00024271011,0.0003528595,0.00032377243,0.00028514862,0.99462891,0.00023961067,0.00038504601,0.0032958984
20171203-165519-3.jpg,8,8,0.00024485588,0.0012121201,0.00010842085,0.00025105476,9.9658966e-05,0.00018012524,0.00013434887,0.00036883354,0.99755859
20170210-132227-0.jpg,0,0,0.97753906,0.0019025803,0.00057029724,0.00077056885,0.00097608566,0.00060319901,0.00069618225,0.0016260147,0.0154953
20170729-091846-2.jpg,4,4,0.0003759861,0.00016593933,0.00049257278,0.00041437149,0.99316406,0.00022506714,0.00021529198,0.00033473969,0.0045318604
20171121-083821-1.jpg,6,6,0.00023233891,0.00046992302,0.00028300285,0.00012588501,0.00035262108,0.00017821789,0.99511719,0.00031471252,0.0029315948
20180109-085434-2.jpg,8,8,0.00021445751,0.00013494492,0.0001553297,0.00046849251,0.00018489361,0.00010740757,0.00013291836,0.00061607361,0.99804688
20170630-151331-0.jpg,7,7,0.0010290146,0.011329651,0.00027298927,0.00020825863,0.00015485287,0.00048875809,0.0003991127,0.97509766,0.011131287
20170728-124626-2.jpg,4,4,0.00038385391,0.00017869473,0.00069475174,0.00031709671,0.99365234,0.00026607513,0.00022447109,0.00030231476,0.003742218
20171121-084655-1.jpg,6,6,0.00014817715,0.00017213821,0.00015819073,7.6651573e-05,0.00022089481,0.00011885166,0.99658203,0.00015568733,0.0022678375
20180109-095457-1.jpg,8,8,0.00024604797,0.00020325184,0.00011789799,0.00029683113,0.00012648106,0.00013709068,0.00015938282,0.00057125092,0.99804688
20171220-084112-3.jpg,8,8,0.00021314621,0.00020694733,0.00010877848,0.00021255016,0.00019288063,0.00012093782,9.4771385e-05,0.0002913475,0.99853516
20171203-174521-3.jpg,8,8,0.00022816658,0.0013637543,7.6889992e-05,0.00015079975,0.00012177229,0.00023722649,0.00019800663,0.00015926361,0.99755859
20171220-101235-2.jpg,8,8,0.0004401207,0.0033073425,0.00014364719,0.0001732111,8.4757805e-05,0.00044798851,0.00012969971,0.0039215088,0.99121094
20170920-183814-1.jpg,2,2,0.00028705597,0.00031638145,0.99267578,0.00032615662,0.00092935562,0.00022292137,0.00030946732,0.00041651726,0.0045814514
20180109-090005-2.jpg,8,8,0.00035738945,0.00018835068,0.00018370152,0.000831604,0.0002270937,0.00013828278,0.00013780594,0.0012283325,0.99658203
20170729-092537-2.jpg,4,4,0.00029659271,0.00016605854,0.00044631958,0.00040245056,0.99316406,0.00019216537,0.00018763542,0.00030970573,0.0046539307
20180109-104602-1.jpg,8,8,0.00013506413,6.3419342e-05,0.0003619194,0.00019574165,0.00025963783,5.9127808e-05,0.00010561943,0.00028061867,0.99853516
20180109-074051-1.jpg,8,8,0.00010794401,0.00013780594,0.00014030933,0.00014162064,0.00011026859,9.2029572e-05,0.00029873848,0.00030755997,0.99853516
20170811-125711-1.jpg,0,0,0.99462891,0.00030446053,0.00029802322,0.00029301643,0.00030970573,0.00044393539,0.00020623207,0.00051736832,0.0029449463
20170128-101948-0.jpg,8,8,0.00054454803,0.00028848648,0.00024557114,0.0017709732,0.00024211407,9.2923641e-05,9.1135502e-05,0.0012845993,0.99560547
20171220-091206-2.jpg,8,8,0.00041031837,0.00042629242,0.00019288063,0.00029802322,0.00017929077,0.000623703,0.0002374649,0.00037288666,0.99707031
20170217-102111-0.jpg,0,0,0.96435547,0.00013911724,0.00010752678,0.00016736984,0.00010585785,0.00030708313,0.0001052022,0.00026345253,0.034576416
20180109-075608-2.jpg,8,8,0.00031638145,0.00014913082,0.00035667419,0.0002617836,0.0021915436,9.4056129e-05,0.00019919872,0.00027418137,0.99609375
20170920-140141-2.jpg,2,2,0.00019347668,0.00018823147,0.99511719,0.00019097328,0.00062656403,0.00011491776,0.00021076202,0.00024020672,0.0029563904
20170906-101303-1.jpg,3,3,0.00082492828,0.00050449371,0.00050973892,0.99121094,0.0012264252,0.00035262108,0.00022220612,0.00085687637,0.0041847229
20170718-132034-2.jpg,7,7,0.00078344345,0.0013151169,0.00044965744,0.00084781647,0.00042653084,0.00049829483,0.00030064583,0.99023438,0.0053253174
20180322-114418-1.jpg,8,8,0.00010550022,7.9452991e-05,6.7949295e-05,0.00013530254,5.9366226e-05,0.00010508299,5.7697296e-05,0.00017726421,0.99902344
20171220-092422-2.jpg,8,8,0.00081586838,0.00022959709,0.00010687113,0.00016629696,8.815527e-05,0.0003182888,6.6399574e-05,0.00040602684,0.99755859
20180125-093318-2.jpg,8,8,8.8453293e-05,8.8810921e-05,5.7518482e-05,8.8453293e-05,6.2942505e-05,6.878376e-05,7.2002411e-05,0.00014185905,0.99951172
20180105-102009-2.jpg,8,8,0.00012266636,8.6665154e-05,0.00016963482,0.00010424852,0.00017118454,0.00010514259,0.00083971024,0.000233531,0.99804688
20171025-100236-2.jpg,3,3,0.00047636032,0.00038647652,0.00064229965,0.99121094,0.00077295303,0.00032973289,0.00027179718,0.00041747093,0.0053977966
20171218-103005-2.jpg,8,8,0.00012362003,0.00010555983,6.633997e-05,8.7857246e-05,6.6518784e-05,0.00014412403,7.6651573e-05,0.00022017956,0.99902344
20171218-122252-3.jpg,8,8,0.00021803379,0.00023174286,0.00012874603,0.00016367435,0.0001244545,0.00048971176,0.00025725365,0.00031208992,0.99804688
20170913-104940-2.jpg,3,3,0.00032186508,0.00037956238,0.00034356117,0.99462891,0.00038790703,0.00033211708,0.00011980534,0.00029611588,0.0031833649
20170727-164003-3.jpg,4,4,0.0020637512,0.0002014637,0.0003786087,0.00062847137,0.95947266,0.00022602081,0.00020349026,0.00043034554,0.036193848
20170920-192733-1.jpg,2,2,0.00039148331,0.00033140182,0.99121094,0.0003991127,0.0015449524,0.00022649765,0.00030183792,0.00045228004,0.0052223206
20170728-124730-2.jpg,4,4,0.00066041946,0.00038075447,0.0010709763,0.0010232925,0.99023438,0.00051355362,0.00041532516,0.00072908401,0.0050430298
20180322-103006-1.jpg,8,8,0.00010734797,8.2314014e-05,9.8288059e-05,0.0002014637,0.00019907951,7.7068806e-05,6.7412853e-05,0.00012385845,0.99902344
20180109-070728-2.jpg,8,8,0.001455307,0.012229919,0.00018084049,0.00012165308,0.0026264191,0.00014531612,0.0047302246,0.00026679039,0.97802734
20171212-094702-1.jpg,8,8,0.00017249584,0.00031256676,0.00011503696,0.0017433167,8.1837177e-05,0.0001809597,0.00010985136,0.00021255016,0.99707031
20171025-091815-2.jpg,3,3,0.00084447861,0.00065088272,0.00070047379,0.98681641,0.0010318756,0.00053501129,0.00044465065,0.00065517426,0.0080871582
20170811-110920-1.jpg,0,0,0.99316406,0.00027775764,0.00021386147,0.00038123131,0.00043106079,0.00018179417,0.0001540184,0.00071620941,0.0046463013
20180119-111654-2.jpg,8,8,0.00010621548,0.00023674965,4.8220158e-05,5.8352947e-05,4.7564507e-05,0.00011742115,8.8393688e-05,0.00015950203,0.99902344
20180109-070209-2.jpg,8,8,0.0010633469,0.0086746216,0.00033712387,0.00031876564,0.00026941299,0.0002810955,0.010231018,0.00071382523,0.97802734
20180109-090634-2.jpg,8,8,0.00031137466,0.00015091896,0.00011396408,0.0003786087,0.00012147427,0.00026965141,0.00016307831,0.00072479248,0.99755859
20180112-074748-2.jpg,8,8,0.0070953369,0.00040102005,0.00056123734,0.20056152,0.00095844269,0.00035524368,0.00025892258,0.0010719299,0.78857422
20171025-095337-2.jpg,3,3,0.00069332123,0.00052499771,0.00072622299,0.98925781,0.0010099411,0.00048756599,0.00036096573,0.00079870224,0.0060653687
20170920-113017-3.jpg,2,2,0.00032353401,0.00026750565,0.99365234,0.00035333633,0.001083374,0.00020217896,0.00027751923,0.00034308434,0.003704071
20170714-142557-3.jpg,1,1,0.00036621094,0.9921875,0.00021111965,0.00055789948,0.00020492077,0.0003361702,0.000395298,0.00075054169,0.0049476624
20180112-102550-1.jpg,8,8,0.00019109249,0.00021326542,0.00030326843,0.00011962652,0.00026106834,0.00021505356,0.00034141541,0.0003619194,0.99804688
20171220-100651-2.jpg,8,8,0.00012362003,0.00016927719,0.00012135506,0.00021016598,7.5876713e-05,0.00010401011,6.0558319e-05,0.0001578331,0.99902344
20171220-092648-3.jpg,8,8,0.0030555725,0.0010032654,0.00023519993,0.12890625,0.00045871735,0.00037145615,0.00096273422,0.0024394989,0.86230469
20170128-102701-0.jpg,8,8,0.00036716461,0.00050878525,9.1910362e-05,0.00025868416,0.00010091066,0.00013637543,8.9049339e-05,0.00031280518,0.99804688
20180322-121026-2.jpg,8,8,0.00012564659,0.00016701221,7.3194504e-05,0.00018143654,7.7426434e-05,7.3313713e-05,0.00022912025,0.0003194809,0.99853516
20170501-143307-0.jpg,1,1,0.00065946579,0.98730469,0.00026249886,0.00060796738,0.00022673607,0.000426054,0.00066566467,0.0011205673,0.0086669922
20171219-113945-2.jpg,8,8,0.00018596649,0.00020074844,0.00077104568,9.1195107e-05,0.00024437904,8.3684921e-05,0.00020539761,0.00022768974,0.99804688
20171113-134913-3.jpg,6,6,0.00016486645,0.0001860857,0.00015795231,0.0001604557,0.00025963783,0.00010508299,0.99365234,0.00023913383,0.0049171448
20171220-082336-2.jpg,8,8,0.0003156662,0.00019001961,0.00015282631,0.00043296814,0.00012528896,0.0001950264,8.4459782e-05,0.00061511993,0.99804688
20170727-144459-1.jpg,4,4,0.00073099136,0.00032520294,0.0016708374,0.00046777725,0.97412109,0.00042963028,0.00026679039,0.00050163269,0.021270752
20171025-090250-2.jpg,3,3,0.0007185936,0.00056743622,0.0007109642,0.99121094,0.0010318756,0.00033259392,0.00028347969,0.00057315826,0.0046806335
20171203-174215-3.jpg,8,8,0.00075244904,0.0038356781,0.00037717819,0.00116539,0.00049734116,0.00045466423,0.00073337555,0.00085830688,0.99121094
20171113-144129-2.jpg,6,6,0.00029969215,0.0004556179,0.00026535988,0.00018155575,0.00028991699,0.00016653538,0.99414062,0.00036501884,0.0035972595
20171219-105403-2.jpg,8,8,0.00024867058,0.00013661385,0.00017309189,0.0002644062,0.00015878677,0.00010967255,7.4744225e-05,0.00039315224,0.99853516
20180322-115355-1.jpg,8,8,8.3386898e-05,6.6280365e-05,5.4299831e-05,0.00012564659,4.9054623e-05,6.7949295e-05,5.0723553e-05,0.00012397766,0.99951172
20171113-120526-2.jpg,6,6,0.00013363361,0.00020027161,0.00023245811,7.4505806e-05,0.00029540062,0.00015544891,0.99658203,0.00018906593,0.0020313263
20170217-114728-0.jpg,0,0,0.99414062,0.00019836426,0.00024056435,0.00028181076,0.00026488304,0.00023949146,0.00022017956,0.00059080124,0.0040588379
20171219-114445-3.jpg,8,8,0.0012111664,0.00047540665,0.12225342,0.00032901764,0.0068588257,0.00017571449,0.00015234947,0.0013895035,0.8671875
20180109-102846-1.jpg,8,8,0.00021612644,0.00015187263,0.00011724234,0.00028610229,0.00013494492,8.5175037e-05,9.2208385e-05,0.00025391579,0.99853516
20180112-103435-2.jpg,8,8,0.00030088425,0.00017178059,0.00013399124,0.00022232533,0.00015103817,0.00011891127,0.00016820431,0.00076150894,0.99804688
20171113-143231-2.jpg,6,6,0.00021600723,0.00024986267,0.00022852421,9.5367432e-05,0.00026607513,0.0001360178,0.99609375,0.00026273727,0.0024490356
20170906-114354-1.jpg,3,3,0.003194809,0.0013465881,0.0011377335,0.96484375,0.0016212463,0.00064563751,0.00075483322,0.012031555,0.014411926
20171212-095827-3.jpg,8,8,0.00019419193,0.00020158291,0.00014030933,0.00021755695,0.0001283884,0.00019156933,0.00022661686,0.00027704239,0.99853516
20171203-165027-3.jpg,8,8,0.00019872189,0.00057697296,0.00036239624,0.00030350685,0.00018131733,0.00015306473,0.00016689301,0.00021672249,0.99804688
20171220-091422-3.jpg,8,8,0.0013380051,0.001868248,0.00027894974,0.00043964386,0.0002617836,0.00051259995,0.00037717819,0.00080156326,0.99414062
20170729-085848-2.jpg,4,4,0.00028681755,0.00013065338,0.00042557716,0.00031161308,0.99267578,0.00017344952,0.00020039082,0.00028300285,0.0054588318
20171109-091503-1.jpg,5,5,0.00026321411,0.0003080368,0.00028014183,0.00027775764,0.00023066998,0.99462891,0.00016033649,0.00031900406,0.003736496
20180109-095145-2.jpg,8,8,0.00013875961,0.00017046928,0.0001335144,0.00018632412,0.00023603439,0.0001128912,0.00010877848,0.00022697449,0.99853516
20171220-091002-2.jpg,8,8,0.00029277802,0.00018584728,0.0001718998,0.00017356873,9.9301338e-05,0.0010786057,0.00011187792,0.00031542778,0.99755859
20180109-105051-1.jpg,8,8,0.00013124943,8.0525875e-05,8.2552433e-05,0.00010174513,8.4161758e-05,7.7962875e-05,8.0883503e-05,0.00029301643,0.99902344
20170714-111357-1.jpg,1,1,0.00027918816,0.99609375,0.00011628866,0.00027084351,9.8586082e-05,0.00021028519,0.00015950203,0.00051927567,0.002363205
20180125-093331-2.jpg,8,8,6.5088272e-05,9.5188618e-05,7.212162e-05,0.0001205802,6.622076e-05,6.0915947e-05,6.9260597e-05,0.0001026392,0.99951172
20180322-105411-1.jpg,8,8,0.00012719631,9.3996525e-05,8.0406666e-05,0.00012910366,8.4638596e-05,7.7843666e-05,5.7697296e-05,0.0001912117,0.99902344
20180125-131900-3.jpg,8,8,0.00047802925,0.00065612793,0.00015842915,0.0006685257,0.0001398325,0.00013315678,0.00015258789,0.0097122192,0.98779297
20171113-061420-1.jpg,6,6,0.00013709068,0.00030374527,0.00018513203,0.00010496378,0.00023949146,0.00011229515,0.99560547,0.00022399426,0.0031223297
20180112-083705-1.jpg,8,8,0.00020718575,0.00014841557,8.3088875e-05,0.00023412704,8.98242e-05,9.8526478e-05,0.00010406971,0.00041437149,0.99853516
20180109-085829-1.jpg,8,8,0.0027561188,0.0018520355,0.00070333481,0.0030021667,0.00071334839,0.00069236755,0.0012979507,0.0036468506,0.98535156
20180322-133832-1.jpg,8,8,0.00015950203,0.00012552738,0.00012671947,0.00019109249,0.00015294552,6.6637993e-05,8.72612e-05,0.00026941299,0.99902344
20170811-103503-2.jpg,0,0,0.97558594,0.0040550232,0.00038933754,0.00099945068,0.00064945221,0.00052976608,0.00050592422,0.0031452179,0.014190674
20171113-142008-2.jpg,6,6,0.00015521049,0.00037622452,0.00012588501,6.7651272e-05,0.00021994114,7.0631504e-05,0.99511719,0.00035071373,0.0037136078
20170129-104031-0.jpg,8,8,0.00032496452,0.00068426132,0.00026082993,0.00021696091,0.00012588501,0.00021362305,0.0001347065,0.00038266182,0.99755859
20170127-101528-0.jpg,1,1,0.00040411949,0.99414062,0.00013530254,0.00028896332,0.00011324883,0.00019025803,0.00021827221,0.001742363,0.0027732849
20170729-154105-3.jpg,4,4,0.00034284592,0.00021266937,0.00047326088,0.0004632473,0.99072266,0.00028777122,0.0002297163,0.0003452301,0.0070228577
20180125-093851-2.jpg,8,8,6.28829e-05,6.8068504e-05,5.5909157e-05,6.7472458e-05,4.7981739e-05,4.5180321e-05,6.5684319e-05,0.00010168552,0.99951172
20170727-113629-1.jpg,4,4,0.00034689903,0.00021159649,0.00086021423,0.0004067421,0.9921875,0.00026965141,0.00021445751,0.00040793419,0.0050163269
20170501-144408-0.jpg,1,1,0.00054216385,0.87304688,0.00019168854,0.0003118515,0.00010144711,0.000233531,0.00072002411,0.00085449219,0.12384033
20161207-111609-0.jpg,0,0,0.99316406,0.0007185936,0.00019669533,0.00032305717,0.00025629997,0.0003592968,0.00021183491,0.00063371658,0.0039710999
20171113-123457-3.jpg,6,6,0.00013303757,0.00023877621,0.00025224686,8.225441e-05,0.00025844574,0.00011384487,0.99609375,0.00020468235,0.0023803711
20180119-112904-2.jpg,8,8,0.00015556812,0.000182271,0.00010722876,0.00010359287,7.891655e-05,7.0035458e-05,0.00010412931,0.00025200844,0.99902344
20171025-092022-2.jpg,3,3,0.00054979324,0.00033307076,0.00036478043,0.99169922,0.00040960312,0.000248909,0.00020551682,0.00053882599,0.0056381226
20180112-094723-1.jpg,8,8,0.00014257431,0.00015699863,8.8274479e-05,0.00016760826,8.8751316e-05,9.5129013e-05,0.0001437664,0.00035381317,0.99853516
20171220-091912-2.jpg,8,8,0.00024867058,0.00019454956,0.00014042854,0.00026702881,7.6055527e-05,0.08807373,0.00015211105,0.00018262863,0.91064453
20171109-094205-3.jpg,5,5,0.00023138523,0.00014781952,0.0001847744,0.00017106533,0.00017786026,0.99658203,0.00014579296,0.00023305416,0.0020294189
20171220-094629-1.jpg,8,8,0.00014173985,0.00022137165,0.00017619133,0.00029182434,0.00016176701,0.00018823147,0.0001322031,0.00024652481,0.99853516
20170920-130628-2.jpg,2,2,0.00023126602,0.0002515316,0.99414062,0.00027775764,0.00062131882,0.00022697449,0.00023257732,0.00029659271,0.0036563873
20171025-093428-3.jpg,3,3,0.00073385239,0.00054931641,0.00054597855,0.9921875,0.00095176697,0.00038933754,0.00025629997,0.00057411194,0.0039825439
20170729-090036-1.jpg,4,4,0.00065755844,0.00042533875,0.00074529648,0.00055646896,0.98828125,0.00043725967,0.00035190582,0.00048708916,0.0078887939
20180112-075910-2.jpg,8,8,0.0004901886,0.00014281273,0.00028753281,0.00063991547,0.00018048286,0.00012671947,5.8054924e-05,0.00054979324,0.99755859
20171205-141306-2.jpg,8,8,0.00016093254,0.00032758713,0.00012433529,0.00012946129,0.00011062622,0.0004863739,0.00029110909,0.00022411346,0.99804688
20170210-150245-0.jpg,0,0,0.99414062,0.00019013882,0.00022494793,0.00021135807,0.00024139881,0.00035977364,0.000172019,0.00030851364,0.0042152405
20170920-190354-1.jpg,2,2,0.00027513504,0.00026774406,0.99316406,0.00023019314,0.0010490417,0.00016820431,0.0002553463,0.00032019615,0.0040664673
20180125-134659-3.jpg,8,8,0.00014400482,0.00018882751,0.00015604496,0.00026988983,0.00016438961,0.00010734797,0.00013041496,0.00034570694,0.99853516
20171219-113420-2.jpg,8,8,0.00028657913,0.00023519993,0.00011593103,0.00022399426,0.00018405914,0.00014126301,0.00044083595,0.00018048286,0.99804688
20180109-090433-2.jpg,8,8,0.00060415268,0.00019145012,0.00010401011,0.00089788437,9.5248222e-05,0.00032091141,0.00010180473,0.00085401535,0.99707031
20180119-110246-1.jpg,8,8,0.0001411438,0.00026273727,7.3432922e-05,0.00010812283,6.8485737e-05,0.00010573864,0.00026082993,0.00024700165,0.99853516
20170718-132000-2.jpg,0,0,0.99267578,0.00047230721,0.00023603439,0.0013198853,0.00056171417,0.00015211105,0.00016283989,0.0011968613,0.0034255981
20180125-095833-2.jpg,8,8,8.3386898e-05,5.2273273e-05,4.9352646e-05,0.00011444092,5.5491924e-05,5.4359436e-05,4.5001507e-05,8.225441e-05,0.99951172
20171212-100832-1.jpg,8,8,0.00065422058,0.001168251,0.00016915798,0.0031070709,0.00017428398,0.00040745735,0.00013780594,0.00088739395,0.99316406
20180105-104242-1.jpg,8,8,0.00032329559,0.0028610229,0.00015664101,0.00018644333,0.00013291836,0.00023567677,0.0071105957,0.0004234314,0.98876953
20180322-125629-1.jpg,8,8,6.7710876e-05,6.4432621e-05,5.5074692e-05,0.00010859966,5.9485435e-05,8.4996223e-05,5.2928925e-05,0.00012886524,0.99951172
20171220-092853-2.jpg,8,8,0.00017082691,0.0002194643,0.00016975403,0.00012230873,0.0001077652,0.00029444695,0.0002887249,0.00030469894,0.99853516
20171218-110743-3.jpg,8,8,0.00016784668,0.00014412403,9.0956688e-05,0.00016748905,7.3194504e-05,0.00028824806,7.5340271e-05,0.00021088123,0.99902344
20170920-112347-3.jpg,2,2,0.00040817261,0.00040102005,0.99121094,0.00046610832,0.001868248,0.00024414062,0.00036168098,0.0004837513,0.004611969
20170217-102058-0.jpg,0,0,0.99365234,0.00023913383,0.00027084351,0.00030183792,0.00027275085,0.00031352043,0.00024390221,0.00080156326,0.0039043427
20170217-114614-0.jpg,7,7,0.00055932999,0.00042271614,0.00015437603,0.00026679039,0.00010401011,0.00021743774,0.00014519691,0.99511719,0.0028591156
20171121-084446-1.jpg,6,6,0.00020623207,0.00037670135,0.00015473366,9.5129013e-05,0.00022101402,8.5532665e-05,0.99560547,0.00018942356,0.0028514862
20180112-071458-2.jpg,8,8,9.7513199e-05,7.5042248e-05,0.00093078613,0.00034046173,0.0014266968,9.8288059e-05,5.4836273e-05,7.9095364e-05,0.99707031
20170906-104727-1.jpg,3,3,0.010551453,0.00059747696,0.00073766708,0.95605469,0.019897461,0.00027108192,0.00016605854,0.0017299652,0.010025024
20171219-101807-3.jpg,8,8,0.00018155575,0.00015425682,0.00012481213,0.00022733212,9.1969967e-05,0.00015485287,0.00011473894,0.00032091141,0.99853516
20170627-103832-0.jpg,0,0,0.99414062,0.00023925304,0.00025749207,0.00030732155,0.00038766861,0.00037312508,0.00024414062,0.00050544739,0.0036125183
20180322-104232-2.jpg,8,8,0.00012254715,0.00010997057,7.3552132e-05,0.00016963482,0.00010430813,6.5207481e-05,7.724762e-05,0.00033807755,0.99902344
20171113-162247-0.jpg,6,6,0.00025653839,0.00038957596,0.00021088123,0.00010108948,0.00026679039,0.00015938282,0.99609375,0.00026655197,0.0023803711
20171102-120206-1.jpg,2,2,0.0002644062,0.00027918816,0.99121094,0.00019097328,0.00067806244,0.00024843216,0.00023901463,0.00032877922,0.0064125061
20170920-162359-3.jpg,2,2,0.00036883354,0.00040173531,0.9921875,0.00036978722,0.00079584122,0.00029969215,0.00026679039,0.0003528595,0.0050315857
20180109-090148-2.jpg,8,8,0.00035023689,0.00037646294,0.00012242794,0.00048756599,0.00017309189,0.00015747547,0.00018823147,0.00074577332,0.99755859
20170304-131504-0.jpg,7,7,0.0010976791,0.023040771,0.00035333633,0.00083780289,0.00033140182,0.00055646896,0.00055027008,0.9609375,0.012298584
20180322-103015-1.jpg,8,8,0.00016224384,0.0001205802,0.00018644333,0.00030064583,0.00033092499,0.00010436773,0.0001116395,0.00020897388,0.99853516
20180109-091548-2.jpg,8,8,0.0078659058,0.00020086765,6.3419342e-05,0.00019276142,0.0001039505,0.00028800964,0.0001115799,0.00033831596,0.99072266
20170727-155224-1.jpg,8,4,0.00047564507,0.00015926361,0.00089120865,0.00027418137,0.98974609,0.00020611286,0.00017368793,0.00033593178,0.0078887939
20171109-090345-1.jpg,5,5,0.00046014786,0.00038218498,0.00054597855,0.00050783157,0.00052404404,0.99169922,0.00030493736,0.00052261353,0.0048675537
20180125-100520-1.jpg,8,8,5.6445599e-05,6.1929226e-05,2.8252602e-05,6.8724155e-05,5.0246716e-05,8.9108944e-05,5.8352947e-05,5.3703785e-05,0.99951172
20180125-130025-3.jpg,8,8,0.00012552738,0.00022661686,7.3969364e-05,0.00011831522,8.0943108e-05,5.7756901e-05,8.648634e-05,0.00019240379,0.99902344
20180109-095047-1.jpg,8,8,0.00018560886,0.00014162064,8.8274479e-05,0.00021457672,0.00010186434,9.3400478e-05,7.7903271e-05,0.00044870377,0.99853516
20170210-131107-0.jpg,7,7,0.00034928322,0.0002720356,0.00012981892,0.00025486946,0.00010442734,0.00011843443,0.00019669533,0.99414062,0.0043754578
20180322-113006-1.jpg,8,8,9.8705292e-05,7.2836876e-05,7.3552132e-05,0.0001655817,7.9095364e-05,7.134676e-05,5.5372715e-05,0.00013065338,0.99902344
20170217-151558-0.jpg,0,0,0.984375,0.00059175491,0.00054359436,0.00072860718,0.00046443939,0.00044751167,0.00073337555,0.0027122498,0.0092163086
20170501-145105-0.jpg,8,8,0.0001001358,0.00038218498,3.516674e-05,0.00011128187,4.3094158e-05,0.00024092197,9.6559525e-05,0.00014233589,0.99902344
20170410-153521-0.jpg,7,7,0.00056552887,0.00051593781,0.00019419193,0.00034856796,0.00011885166,0.00036406517,0.00020742416,0.99365234,0.0040016174
20170714-142207-2.jpg,1,1,0.00030565262,0.99609375,0.00010770559,0.00027918816,0.00012540817,0.00021445751,0.00015330315,0.00050020218,0.0023097992
20170706-110442-0.jpg,7,7,0.00056648254,0.00072860718,0.00022816658,0.00057554245,0.00022244453,0.00034785271,0.00042796135,0.99169922,0.0052909851
20170727-113637-3.jpg,4,4,0.00035786629,0.00023889542,0.00094223022,0.00032520294,0.99072266,0.00034117699,0.00037479401,0.0004029274,0.0063705444
20180119-110902-2.jpg,8,8,0.00019621849,0.00026059151,8.0525875e-05,9.4950199e-05,9.4354153e-05,0.00018060207,0.00013041496,0.00013196468,0.99902344
20171102-122027-1.jpg,2,2,0.00023901463,0.00018799305,0.98388672,0.00023174286,0.00067186356,0.00019431114,0.00016474724,0.00035619736,0.014305115
20180112-072609-1.jpg,8,8,8.9228153e-05,0.00012290478,8.392334e-05,0.00017368793,6.9499016e-05,6.9797039e-05,9.0539455e-05,0.00021159649,0.99902344
20170217-095604-0.jpg,7,7,0.0003619194,0.00032258034,0.00015318394,0.00034141541,0.0001270771,0.00023055077,0.00019609928,0.99511719,0.0032043457
20180112-103511-2.jpg,8,8,0.00062656403,0.00075960159,0.00028586388,0.00092744827,0.00032091141,0.00022447109,0.00042557716,0.0017194748,0.99462891
20170920-133501-2.jpg,2,2,0.0010576248,0.00035691261,0.98876953,0.00079965591,0.00072669983,0.00038409233,0.0001938343,0.0019311905,0.0059013367
20180112-072247-2.jpg,8,8,0.00041866302,0.00024843216,0.00011521578,0.00026583672,0.00019872189,0.00012874603,0.00012505054,0.0008263588,0.99755859
20171113-121115-1.jpg,6,6,0.00019001961,0.00023555756,0.00011283159,7.891655e-05,0.00030422211,9.8586082e-05,0.9921875,0.00029683113,0.0063934326
20180119-110317-2.jpg,8,8,0.00015985966,0.00021743774,7.6591969e-05,9.7334385e-05,5.6862831e-05,9.2446804e-05,8.7738037e-05,0.00031518936,0.99902344
20180105-102443-1.jpg,8,8,7.3313713e-05,7.0035458e-05,0.00010073185,6.300211e-05,7.2360039e-05,7.0333481e-05,0.0002579689,0.00018322468,0.99902344
20170304-130721-0.jpg,7,7,0.000644207,0.00035858154,0.00014662743,0.00028800964,0.0001335144,0.00025558472,0.00014364719,0.99462891,0.0034103394
20171212-103958-3.jpg,8,8,0.00051927567,0.00047206879,0.00012624264,0.00017547607,0.00010406971,0.00019466877,8.2015991e-05,0.00061798096,0.99755859
20180119-105340-2.jpg,8,8,0.00041508675,0.0060157776,0.00015294552,0.00016260147,0.00015938282,0.0001398325,0.00022220612,0.00042200089,0.9921875
20180322-112902-2.jpg,8,8,9.059906e-05,6.6936016e-05,5.698204e-05,0.00012093782,7.8439713e-05,6.28829e-05,6.2167645e-05,0.00014090538,0.99951172
20170913-104008-1.jpg,3,3,0.00038290024,0.00057315826,0.0004632473,0.98583984,0.00080966949,0.0038719177,0.00022757053,0.00037837029,0.0073890686
20170718-131820-2.jpg,7,7,0.00077724457,0.00090932846,0.0003888607,0.0010156631,0.00036430359,0.00037550926,0.0002477169,0.99072266,0.00522995
20170906-115034-1.jpg,3,3,0.01725769,0.0012102127,0.0012979507,0.92675781,0.0021648407,0.00062084198,0.00025463104,0.027984619,0.022415161
20171220-100224-2.jpg,8,8,0.00027775764,0.00012612343,0.00016498566,0.00017142296,0.00010031462,0.00029325485,6.9260597e-05,0.00021457672,0.99853516
20180322-103233-1.jpg,8,8,0.0001218915,9.5307827e-05,5.7339668e-05,0.00012350082,9.8049641e-05,9.0241432e-05,6.1035156e-05,0.00015318394,0.99902344
20180105-091553-2.jpg,8,8,6.9916248e-05,4.5120716e-05,8.7976456e-05,7.0810318e-05,7.1585178e-05,6.0915947e-05,0.00012153387,0.00014030933,0.99951172
20170304-131421-0.jpg,7,7,0.0020942688,0.2052002,0.00021529198,0.0007019043,0.0001168251,0.00064754486,0.00064182281,0.74023438,0.050079346
20171121-072911-1.jpg,6,6,0.00047898293,0.00081253052,0.00032830238,0.00023555756,0.00041508675,0.00019538403,0.99023438,0.00052690506,0.0065574646
20171220-095959-2.jpg,8,8,0.0010271072,0.00069856644,0.00071907043,0.0001591444,0.00010275841,0.00013911724,7.4446201e-05,0.00034189224,0.99658203
20170906-113231-4.jpg,3,3,0.00085067749,0.00044441223,0.00040316582,0.9921875,0.00051689148,0.00018692017,0.00018668175,0.00036859512,0.0046920776
20170126-095436-0.jpg,1,1,0.00067663193,0.98974609,0.00028419495,0.00087785721,0.00022864342,0.00030612946,0.00027370453,0.0017261505,0.00573349
20180109-105713-2.jpg,8,8,0.00016033649,0.0001013875,9.4115734e-05,0.00022041798,8.5115433e-05,0.00012266636,6.9439411e-05,0.00031471252,0.99902344
20170630-151508-0.jpg,7,7,0.00072479248,0.00078582764,0.00029683113,0.00067615509,0.0002092123,0.00032448769,0.00018334389,0.98974609,0.0068206787
20170913-120255-1.jpg,5,5,0.0010242462,0.00026655197,0.00030899048,0.00054693222,0.0001834631,0.98730469,0.00017619133,0.00035810471,0.0099639893
20180112-070815-2.jpg,8,8,0.00038933754,0.00032424927,0.00074005127,0.00080347061,0.0059509277,0.00019752979,0.00015962124,0.0016412735,0.98974609
20171217-183516-2.jpg,8,5,0.0032577515,0.00038051605,9.5129013e-05,0.00021982193,9.9480152e-05,0.94628906,4.8041344e-05,0.00030374527,0.049468994
20171220-095237-1.jpg,8,8,0.00021290779,0.0001667738,0.00010961294,0.00027728081,9.6738338e-05,0.00023472309,0.0001231432,0.00033998489,0.99853516
20171122-101811-1.jpg,5,5,0.00032258034,0.00049352646,0.00025367737,0.00021195412,0.00020623207,0.984375,0.00047135353,0.00030684471,0.013526917
20180322-120755-2.jpg,8,8,0.00010049343,0.00016307831,6.2465668e-05,0.0001616478,7.2300434e-05,7.0095062e-05,0.00050878525,0.00028777122,0.99853516
20180105-093220-2.jpg,8,8,0.00026988983,0.00023233891,0.00034332275,0.00021052361,0.00030755997,0.00015890598,0.0011205673,0.00055932999,0.99658203
20171219-103149-3.jpg,8,8,0.00024330616,9.6917152e-05,8.1181526e-05,0.00017344952,5.197525e-05,0.00017809868,6.8902969e-05,0.00028276443,0.99902344
20170920-184751-1.jpg,2,2,0.0002758503,0.00022888184,0.99365234,0.00024819374,0.00080633163,0.00030398369,0.00023722649,0.00029635429,0.004119873
20171220-090253-2.jpg,8,8,0.00017786026,0.00043654442,0.00014162064,0.00015223026,0.00013256073,0.0010070801,0.00028038025,0.00029611588,0.99755859
20180109-091516-2.jpg,8,8,0.00027227402,0.00017929077,0.00011229515,0.00028371811,0.00015366077,0.00033354759,0.00029969215,0.00075149536,0.99755859
20170920-134448-2.jpg,2,2,0.00029206276,0.00037336349,0.9921875,0.00034737587,0.00059366226,0.00020539761,0.00019299984,0.00038576126,0.0054664612
20170704-153924-0.jpg,0,0,0.98828125,0.0041656494,7.6889992e-05,0.00013315678,7.1108341e-05,7.2658062e-05,0.00019991398,0.00074863434,0.0063209534
20180322-130146-1.jpg,8,8,0.00010102987,7.468462e-05,6.3240528e-05,0.00010448694,7.0333481e-05,6.3478947e-05,5.8472157e-05,0.00014412403,0.99951172
20180109-100036-1.jpg,8,8,0.00026702881,0.00012636185,9.2446804e-05,0.00024330616,0.00011688471,8.1777573e-05,0.00010448694,0.00047564507,0.99853516
20180112-071308-2.jpg,8,8,0.00010883808,0.00011450052,6.377697e-05,0.00077581406,0.00010603666,8.7141991e-05,5.8531761e-05,0.00017690659,0.99853516
20180109-073038-2.jpg,8,8,0.00011116266,0.00013303757,0.0017528534,0.00016987324,0.00018179417,0.00010502338,0.00021791458,0.00027513504,0.99707031
20180112-094600-1.jpg,8,8,8.5413456e-05,8.893013e-05,5.9187412e-05,7.0035458e-05,6.0796738e-05,7.0750713e-05,8.2015991e-05,0.00017023087,0.99951172
20170727-130335-3.jpg,4,4,0.00048303604,0.0001553297,0.00091648102,0.00043296814,0.99316406,0.00023794174,0.00023376942,0.00038194656,0.0037841797
20170130-102228-0.jpg,1,1,0.0009355545,0.99365234,0.00026798248,0.00041341782,0.00032258034,0.00029420853,0.00020766258,0.00042772293,0.0032348633
20171218-120702-2.jpg,8,8,0.00016593933,0.00010460615,8.636713e-05,0.00018417835,7.5340271e-05,0.00018656254,6.5863132e-05,0.00025081635,0.99902344
20180112-080505-1.jpg,8,8,0.00014030933,0.00020456314,0.00010198355,0.00026369095,0.00013101101,8.9466572e-05,0.00012886524,0.00032353401,0.99853516
20171218-120837-3.jpg,8,8,0.00035572052,0.00053596497,0.00017166138,0.00012290478,0.00017404556,0.0016746521,0.00039458275,0.000395298,0.99609375
20180119-113022-2.jpg,8,8,0.00023162365,0.00023043156,0.00011241436,0.00018262863,0.00011134148,9.9897385e-05,7.6055527e-05,0.00033068657,0.99853516
20170715-120335-1.jpg,1,1,0.00030851364,0.99560547,0.00020718575,0.00037670135,0.00017082691,0.00015735626,0.000202775,0.00039148331,0.0024795532
20170304-131443-0.jpg,7,7,0.0017442703,0.0012960434,0.00075960159,0.00087594986,0.00058555603,0.0008687973,0.00070428848,0.97753906,0.015716553
20170501-144852-0.jpg,8,8,0.00094795227,0.0004940033,0.00011134148,0.00019109249,0.0001052022,0.00032973289,0.00010019541,0.0031089783,0.99462891
20171218-103315-2.jpg,8,8,0.00015664101,0.00031018257,0.0001116395,0.0001270771,8.8214874e-05,0.00030040741,0.00022506714,0.00029754639,0.99853516
20171220-100127-2.jpg,8,8,0.00034141541,0.00018370152,0.00020551682,0.00022244453,9.3340874e-05,0.00023448467,9.8407269e-05,0.00022733212,0.99853516
20170501-145700-0.jpg,8,7,0.0078353882,0.0055198669,0.00030136108,0.00053310394,0.00027537346,0.00087022781,0.12371826,0.64941406,0.21130371
20180322-103313-1.jpg,8,8,9.7453594e-05,6.3896179e-05,5.4478645e-05,0.00013124943,8.8810921e-05,6.6459179e-05,6.6399574e-05,0.00013303757,0.99951172
20171121-083431-1.jpg,6,6,0.00020217896,0.000238657,0.00021338463,8.8512897e-05,0.00027656555,9.059906e-05,0.99560547,0.00016844273,0.0029144287
20180109-071013-2.jpg,8,8,0.00014746189,0.00011950731,0.00011813641,0.00016176701,0.00012993813,9.5844269e-05,0.0008187294,0.00022876263,0.99804688
20171205-124724-2.jpg,8,8,0.0019683838,0.0014352798,0.00026464462,0.00029230118,0.00027680397,0.0051727295,0.00023639202,0.00048303604,0.98974609
20180125-094245-2.jpg,8,8,9.6082687e-05,6.6459179e-05,8.7618828e-05,7.3671341e-05,6.6816807e-05,4.3570995e-05,8.893013e-05,8.46982e-05,0.99951172
20171219-104556-3.jpg,8,8,0.00018358231,0.0011014938,9.4234943e-05,0.00016331673,7.1108341e-05,0.0001950264,9.7215176e-05,0.00021219254,0.99804688
20180109-085326-2.jpg,8,8,0.0023555756,0.05267334,0.0010166168,0.0028495789,0.00066804886,0.00050449371,0.00069475174,0.002166748,0.93701172
20170727-152935-1.jpg,4,4,0.00040435791,0.00022280216,0.00039720535,0.00044441223,0.98339844,0.00021934509,0.00021958351,0.00033116341,0.014137268
20171220-084716-2.jpg,8,8,0.00048565865,0.0015659332,0.00021386147,0.00048828125,0.00012099743,0.00069046021,0.00016129017,0.00034093857,0.99609375
20171113-101750-1.jpg,5,5,0.00020980835,0.00020980835,0.00019824505,0.00019788742,0.0001168251,0.99462891,0.00012087822,0.00023114681,0.0039329529
20180322-103138-1.jpg,8,8,0.00051832199,0.00012290478,0.0098953247,0.00064325333,0.095397949,0.00023829937,0.00026631355,0.00039815903,0.89257812
20180109-091418-2.jpg,8,8,0.00023710728,0.00029921532,0.00024092197,0.00061845779,0.00034308434,0.00027394295,0.00031256676,0.00069379807,0.99707031
20171203-174106-3.jpg,8,8,0.00023663044,0.0019550323,7.2479248e-05,0.00024652481,0.00011557341,0.00022447109,0.00019681454,0.00020205975,0.99658203
20180322-113656-2.jpg,8,8,7.9631805e-05,7.3194504e-05,7.3492527e-05,0.00014936924,8.2969666e-05,9.3519688e-05,8.4102154e-05,0.00014460087,0.99902344
20180119-115103-2.jpg,8,8,0.00026202202,0.00021207333,0.00016951561,0.00011318922,0.00017750263,0.0003027916,0.00012505054,0.00023639202,0.99853516
20171121-091048-3.jpg,6,6,0.00016260147,0.00020980835,0.00015199184,6.8962574e-05,0.0002156496,0.00011587143,0.99658203,0.00017392635,0.0024089813
20170728-152148-3.jpg,8,4,0.00067806244,0.00034379959,0.00058555603,0.0012664795,0.93359375,0.0003631115,0.00030303001,0.00063657761,0.062072754
20171220-101348-2.jpg,8,8,0.00024914742,0.00024676323,0.00018012524,0.00013542175,0.00012177229,0.00022137165,0.00010019541,0.00020301342,0.99853516
20180109-080233-1.jpg,8,8,0.00027704239,7.6234341e-05,6.0677528e-05,4.8995018e-05,0.00011694431,7.212162e-05,0.00047397614,0.00019884109,0.99853516
20170727-164122-3.jpg,4,4,0.0013170242,0.00048470497,0.00051498413,0.0026054382,0.97949219,0.00033068657,0.00025677681,0.00042033195,0.014694214
20180119-111241-1.jpg,8,8,0.00014090538,0.00038933754,6.4074993e-05,8.98242e-05,7.6949596e-05,0.00019085407,0.00032806396,0.00025868416,0.99853516
20171220-100614-2.jpg,8,8,0.0003516674,0.00094747543,0.00012218952,0.0022449493,7.6651573e-05,0.00010192394,0.00014257431,0.0017986298,0.99414062
20180109-105810-2.jpg,8,8,0.00013840199,8.0704689e-05,0.00011521578,0.00020432472,0.00010687113,9.9539757e-05,8.2671642e-05,0.00041103363,0.99853516
20170920-171224-3.jpg,2,2,0.00023055077,0.00020647049,0.99414062,0.00021350384,0.00051689148,0.00019824505,0.00017488003,0.00024282932,0.0039863586
20180125-102050-2.jpg,8,8,9.0122223e-05,6.4432621e-05,6.0677528e-05,0.00015819073,4.3690205e-05,6.967783e-05,9.2029572e-05,0.00012117624,0.99951172
20180119-110018-2.jpg,8,8,0.00026154518,0.0014276505,9.3638897e-05,9.7572803e-05,0.00011861324,9.2744827e-05,0.00012254715,0.00023889542,0.99755859
20170210-144941-0.jpg,7,0,0.94238281,0.00022029877,0.00012624264,0.00015997887,0.00020861626,0.0059432983,0.00013411045,0.047210693,0.0034236908
20170128-103437-0.jpg,8,8,0.00037813187,0.0010995865,0.00018548965,0.0005273819,0.0003015995,0.00023424625,0.00022482872,0.00051927567,0.99658203
20180105-102401-1.jpg,8,8,8.3208084e-05,5.2452087e-05,7.8320503e-05,6.3478947e-05,6.300211e-05,6.3717365e-05,0.00011122227,0.00014698505,0.99951172
20170501-143232-0.jpg,1,1,0.16491699,0.79638672,0.0015001297,0.0012493134,0.0010938644,0.0014352798,0.0062828064,0.0048103333,0.022354126
20171102-122109-2.jpg,2,2,0.00023305416,0.0002925396,0.99316406,0.00027227402,0.00094842911,0.00020837784,0.00022685528,0.0003015995,0.0041275024
20170129-103921-0.jpg,8,8,0.00049829483,0.0034999847,0.00014162064,0.00012010336,5.0604343e-05,0.00012362003,4.5716763e-05,0.00014770031,0.99560547
20170913-104923-2.jpg,3,3,0.00057029724,0.00036597252,0.00022900105,0.99169922,0.00050354004,0.0026664734,0.00019133091,0.00037646294,0.0036220551
20180322-104617-1.jpg,8,8,7.6055527e-05,5.0365925e-05,4.5537949e-05,8.9347363e-05,8.7559223e-05,0.00012564659,5.4359436e-05,0.00014972687,0.99951172
20180105-100830-3.jpg,8,8,0.00011813641,8.7380409e-05,0.00013506413,6.622076e-05,0.00011152029,7.4028969e-05,0.0085906982,0.00014865398,0.99072266
20180322-114503-1.jpg,8,8,9.4115734e-05,6.7830086e-05,7.1585178e-05,0.00012290478,6.4611435e-05,9.8824501e-05,5.9187412e-05,0.00014233589,0.99951172
20180125-100444-2.jpg,8,8,0.00010311604,6.4194202e-05,8.7082386e-05,8.3386898e-05,4.9412251e-05,7.5042248e-05,0.00010341406,0.00014007092,0.99951172
20171102-120158-2.jpg,2,2,0.00019514561,0.00019645691,0.99511719,0.00022697449,0.00060653687,0.00020098686,0.00018584728,0.00025343895,0.002866745
20170727-113032-1.jpg,4,4,0.00073480606,0.00021111965,0.0053977966,0.00085639954,0.87402344,0.00073623657,0.00033402443,0.00038313866,0.11755371
20171218-122332-3.jpg,8,8,0.0001373291,0.00031352043,9.0718269e-05,0.00012862682,8.3565712e-05,0.00026106834,0.00019073486,0.00015974045,0.99853516
20170210-142658-0.jpg,7,7,0.00064373016,0.00050258636,0.00026583672,0.00047397614,0.00024533272,0.0007352829,0.00026464462,0.9921875,0.0045013428
20170217-111728-0.jpg,0,0,0.99316406,0.00040864944,0.00036859512,0.00037693977,0.00037646294,0.00027894974,0.00029373169,0.0008854866,0.0036067963
20180112-072230-1.jpg,8,8,9.5546246e-05,0.00015234947,0.00011116266,0.00016236305,0.00010514259,9.4592571e-05,0.00012910366,0.00021231174,0.99902344
20180322-132514-1.jpg,8,8,8.4102154e-05,8.1598759e-05,8.0168247e-05,0.00013422966,0.00010466576,5.3167343e-05,7.0035458e-05,0.00011700392,0.99951172
20180125-092848-1.jpg,8,8,0.00022232533,0.0011663437,9.4771385e-05,0.00014162064,0.00012695789,0.00012886524,0.00021028519,0.0002270937,0.99755859
20170920-113109-3.jpg,2,2,0.00042271614,0.00030899048,0.98828125,0.0005569458,0.0035495758,0.00033354759,0.00026631355,0.00041699409,0.0057678223
20180322-112847-2.jpg,8,8,0.00016272068,8.7618828e-05,8.5830688e-05,9.5546246e-05,9.0360641e-05,5.6028366e-05,0.00014328957,0.00018620491,0.99902344
20170920-184447-1.jpg,2,2,0.00035023689,0.00018143654,0.99365234,0.00021123886,0.00079631805,0.00014710426,0.00016069412,0.00042128563,0.0040855408
20180109-092548-2.jpg,8,8,0.00018644333,0.00017619133,0.00010544062,0.00011831522,0.00010335445,0.00016498566,0.00018703938,0.00024795532,0.99853516
20171113-120510-3.jpg,6,6,0.00017035007,0.00020754337,0.00021326542,9.8884106e-05,0.000238657,0.00014102459,0.98388672,0.0001938343,0.014793396
20170217-114617-0.jpg,7,1,0.0034141541,0.92382812,0.00033259392,0.00073480606,0.00023758411,0.0038089752,0.0080108643,0.050506592,0.0090713501
20170706-112430-0.jpg,7,7,0.19799805,0.0010347366,0.00053405762,0.0027885437,0.00035142899,0.00052452087,0.0001937151,0.74609375,0.05065918
20180109-091536-1.jpg,8,8,0.00087833405,0.0012750626,0.00023365021,0.00097417831,0.00026464462,0.00034594536,0.0007648468,0.31079102,0.68457031
20171218-115155-3.jpg,8,8,0.00018382072,0.00017666817,0.00013637543,0.00013756752,9.226799e-05,0.00057792664,0.00014841557,0.000213027,0.99853516
20170501-145850-0.jpg,8,8,0.0071029663,0.00079774857,0.0003349781,0.00058031082,0.00029778481,0.00050020218,0.00056648254,0.0050544739,0.98486328
20171113-120543-3.jpg,6,6,0.000197649,0.00042843819,0.00022423267,0.00016272068,0.00034046173,0.00023019314,0.99072266,0.00033354759,0.0075645447
20180112-074204-1.jpg,8,8,9.8466873e-05,0.00011622906,6.4313412e-05,0.0003683567,8.4280968e-05,8.8870525e-05,9.8586082e-05,0.00019872189,0.99902344
20180109-105851-1.jpg,8,8,0.00010031462,7.1406364e-05,8.7022781e-05,0.0001205802,9.6142292e-05,6.4730644e-05,8.3208084e-05,0.00024318695,0.99902344
20180112-071152-2.jpg,8,8,7.301569e-05,7.2836876e-05,5.5849552e-05,0.0010671616,0.00012934208,8.302927e-05,6.967783e-05,5.8948994e-05,0.99853516
20171109-071315-1.jpg,5,5,0.00042176247,0.00083398819,0.00037908554,0.00046038628,0.0003798008,0.98974609,0.00047278404,0.00063610077,0.006729126
20171109-071800-3.jpg,5,5,0.00021111965,0.00029063225,0.00026297569,0.00020301342,0.00021898746,0.99560547,0.00024962425,0.00035619736,0.0025482178
20180109-074420-2.jpg,8,8,0.00019884109,0.00011622906,0.00011968613,0.00014984608,0.00011706352,9.7870827e-05,0.00019538403,0.00027704239,0.99853516
20180105-093622-2.jpg,8,8,0.00010281801,7.8678131e-05,0.00012683868,6.6637993e-05,0.00012004375,7.7426434e-05,0.00043439865,0.00018489361,0.99902344
20180112-100852-1.jpg,8,8,0.00025868416,0.00064706802,0.00024533272,0.00024151802,0.00026059151,0.00025415421,0.039672852,0.0028171539,0.95556641
20171220-100727-1.jpg,8,8,0.00015413761,0.00011759996,0.00013065338,0.00022399426,9.7155571e-05,0.00011342764,6.7532063e-05,0.00020587444,0.99902344
20170920-163639-3.jpg,2,2,0.00098514557,0.00099945068,0.92431641,0.00048208237,0.035125732,0.0014410019,0.00036597252,0.0005736351,0.035888672
20171102-103158-3.jpg,2,2,0.00034880638,0.00024724007,0.98144531,0.00027871132,0.011520386,0.00024533272,0.00022304058,0.00037050247,0.005115509
20170126-100629-0.jpg,1,1,0.00022399426,0.99414062,0.00017225742,0.00032424927,0.00014734268,0.00022411346,0.00028729439,0.00037574768,0.0038738251
20180109-074215-1.jpg,8,8,9.483099e-05,7.2717667e-05,9.8466873e-05,0.0001398325,9.2983246e-05,7.0512295e-05,0.00013172626,0.00021731853,0.99902344
20170130-102702-0.jpg,1,1,0.00040531158,0.99511719,0.00021803379,0.00050258636,0.0001604557,0.00032067299,0.00023758411,0.0008058548,0.0024623871
20170715-105922-1.jpg,1,1,0.00026392937,0.99511719,0.00017130375,0.00032496452,0.00014698505,0.000192523,0.00027275085,0.00045275688,0.0029182434
20180109-085606-1.jpg,8,8,0.00033521652,0.0004992485,0.00019741058,0.00036740303,0.00024437904,0.00029635429,0.082336426,0.00051736832,0.91503906
20170727-171730-1.jpg,4,4,0.00041937828,0.00016093254,0.00090312958,0.00048971176,0.99023438,0.00021469593,0.00027179718,0.00039744377,0.0070610046
20170630-155311-0.jpg,7,7,0.0021858215,0.0016393661,0.00034046173,0.00045728683,0.00028181076,0.00065946579,0.00043082237,0.98681641,0.0071334839
20180322-104645-1.jpg,8,8,8.7976456e-05,8.5175037e-05,5.2332878e-05,0.00011330843,8.3386898e-05,7.4505806e-05,5.9485435e-05,0.0001283884,0.99951172
20171122-103752-1.jpg,5,5,0.00025868416,0.00029993057,0.00022161007,0.00018179417,0.00021052361,0.99365234,0.00015258789,0.00035905838,0.0045204163
20180125-100437-1.jpg,8,8,7.1823597e-05,5.1558018e-05,5.4597855e-05,9.6082687e-05,0.00052022934,3.2424927e-05,8.4757805e-05,5.6266785e-05,0.99902344
20170913-100918-2.jpg,3,3,0.00051784515,0.00033450127,0.00044608116,0.99414062,0.00057649612,0.00084257126,0.00020205975,0.00054693222,0.0024089813
20180125-095308-1.jpg,8,8,8.1896782e-05,8.8751316e-05,6.5386295e-05,8.3148479e-05,6.3717365e-05,8.46982e-05,9.149313e-05,0.00012969971,0.99951172
20180112-081510-2.jpg,8,8,0.0006685257,0.00037717819,0.00024557114,0.00084495544,0.00024604797,0.00015664101,9.6678734e-05,0.0010976791,0.99609375
20171220-082908-3.jpg,8,8,0.0001462698,0.00013077259,0.00012338161,0.00018382072,0.00010877848,0.00014436245,9.059906e-05,0.00027298927,0.99902344
20180105-091416-2.jpg,8,8,0.00024104118,0.00012636185,9.5903873e-05,0.00020778179,0.00015032291,0.00010329485,0.00023972988,0.0010166168,0.99804688
20171113-132205-3.jpg,6,6,0.00024437904,0.00037884712,0.00018727779,0.00011837482,0.00022292137,8.6426735e-05,0.99560547,0.00027227402,0.0030765533
20170913-105901-3.jpg,5,5,0.00041651726,0.00047707558,0.00030708313,0.00021290779,0.00022399426,0.99169922,0.00021243095,0.00036597252,0.0061607361
20170920-185539-1.jpg,2,2,0.00023853779,0.00021469593,0.99414062,0.00027418137,0.00058937073,0.00020444393,0.00021266937,0.00027775764,0.003780365
20180112-095054-2.jpg,8,8,0.00022161007,0.00013399124,7.6472759e-05,0.0002270937,7.4148178e-05,0.00010234118,6.9379807e-05,0.00079250336,0.99853516
20180112-080813-1.jpg,8,8,0.00017976761,0.00029611588,9.0837479e-05,0.00025963783,0.00014615059,0.00011098385,0.00012022257,0.00032281876,0.99853516
20170920-095903-3.jpg,4,4,0.00055932999,0.00041532516,0.00039100647,0.00032043457,0.98925781,0.00028181076,0.0004029274,0.00036597252,0.008026123
20171113-091743-1.jpg,5,5,0.0011043549,0.016952515,0.00018537045,0.00039434433,0.00018179417,0.96582031,9.9956989e-05,0.00060510635,0.014633179
20171220-093017-3.jpg,8,8,0.0001001358,0.00013959408,7.8618526e-05,0.00015544891,6.878376e-05,0.00012910366,9.906292e-05,0.00016069412,0.99902344
20171205-141445-2.jpg,8,8,0.00026750565,0.00045394897,0.00013458729,0.0002014637,0.00012469292,0.00045633316,0.00012123585,0.00022804737,0.99804688
20170405-155147-0.jpg,0,0,0.99365234,0.00021970272,0.00015282631,0.00015890598,0.0001680851,0.00021207333,0.00013935566,0.00063276291,0.0045127869
20161207-110901-0.jpg,0,0,0.99267578,0.00062656403,0.00032615662,0.00030708313,0.00044107437,0.00042390823,0.00034356117,0.00058460236,0.0043106079
20180109-100311-1.jpg,8,8,0.00010043383,8.8632107e-05,4.5716763e-05,8.8453293e-05,5.2750111e-05,8.72612e-05,8.2492828e-05,0.000213027,0.99902344
20170729-090939-1.jpg,4,4,0.00033974648,0.00017368793,0.00063943863,0.00036120415,0.99316406,0.00019431114,0.00021481514,0.00032377243,0.0048332214
20180119-114745-2.jpg,8,8,0.0001604557,0.00021493435,0.00010353327,9.8466873e-05,9.7155571e-05,9.2804432e-05,5.2392483e-05,0.00022602081,0.99902344
20171113-115337-3.jpg,6,6,0.00025987625,0.00025868416,0.00024235249,0.00036525726,0.00024962425,0.00012755394,0.98876953,0.0027179718,0.0071601868
20170920-192249-1.jpg,2,2,0.00023531914,0.00015258789,0.99414062,0.00020647049,0.00042557716,0.00017082691,0.00015103817,0.00023925304,0.0042648315
20180109-095112-2.jpg,8,8,0.00017333031,0.00012350082,8.4280968e-05,0.0002156496,0.00011432171,9.7334385e-05,4.7802925e-05,0.00030326843,0.99902344
20170727-164359-3.jpg,4,4,0.00063753128,0.00035095215,0.016281128,0.00066423416,0.83251953,0.00026130676,0.00030326843,0.00035309792,0.1484375
20171220-091955-3.jpg,8,8,0.0020713806,0.00033640862,0.00010615587,0.00099658966,0.00014317036,0.00071907043,0.00027394295,0.0012674332,0.99414062
20180322-132019-1.jpg,8,8,5.2928925e-05,8.4757805e-05,4.3094158e-05,8.1121922e-05,7.0869923e-05,5.865097e-05,6.2406063e-05,8.0704689e-05,0.99951172
20170126-095604-0.jpg,1,1,0.00023198128,0.99365234,0.00020778179,0.00060462952,0.00019419193,0.00027370453,0.00026106834,0.00056791306,0.0041389465
20171218-105258-2.jpg,8,8,0.0014286041,0.00018954277,8.3088875e-05,0.00023388863,7.0333481e-05,0.00039744377,0.00011003017,0.0027065277,0.99462891
20180125-092652-2.jpg,8,8,9.6023083e-05,0.00010693073,6.5147877e-05,9.1195107e-05,7.0154667e-05,6.6459179e-05,8.0943108e-05,0.00015735626,0.99902344
20171109-072025-1.jpg,5,5,0.00034070015,0.00076007843,0.00025033951,0.00018370152,0.00024211407,0.9921875,0.0004837513,0.00057601929,0.0047683716
20161207-144946-0.jpg,0,0,0.97851562,0.0019702911,0.0008187294,0.0024642944,0.0018424988,0.0032711029,0.00080060959,0.0015935898,0.0088195801
20180125-101855-2.jpg,8,8,7.4267387e-05,6.9200993e-05,6.2286854e-05,9.6321106e-05,4.1484833e-05,7.0750713e-05,9.6976757e-05,0.00011307001,0.99951172
20180105-095721-3.jpg,8,8,0.00089931488,0.003030777,0.00041866302,0.00058841705,0.0027694702,0.00025343895,0.0023841858,0.00029873848,0.98925781
20171102-104114-1.jpg,2,2,0.00028610229,0.00015497208,0.77832031,0.00028276443,0.00098705292,0.00011628866,0.00011074543,0.0004427433,0.21948242
20171025-091607-1.jpg,3,3,0.00083971024,0.00050640106,0.00054550171,0.99121094,0.00080680847,0.00050258636,0.00040388107,0.00062465668,0.0046920776
20170920-095819-2.jpg,2,2,0.00023341179,0.00022983551,0.92919922,0.00020623207,0.0013360977,0.00019180775,0.00026893616,0.00026345253,0.068237305
20180109-101538-1.jpg,8,8,0.00012105703,8.5055828e-05,7.0393085e-05,0.0001295805,7.6532364e-05,7.7307224e-05,7.8678131e-05,0.00027441978,0.99902344
20170718-133349-2.jpg,7,7,0.00096607208,0.00024437904,0.00011384487,0.00029397011,0.0001103282,0.00018513203,8.7678432e-05,0.99414062,0.0036716461
20180322-112504-1.jpg,8,8,0.00019001961,0.00011515617,8.9108944e-05,0.00020468235,8.8095665e-05,0.00012016296,6.4969063e-05,0.00023043156,0.99902344
20170718-133656-2.jpg,7,7,0.00045657158,0.00041103363,0.00017023087,0.00052022934,0.0001502037,0.00020599365,0.00017142296,0.99365234,0.0041656494
20170913-105513-1.jpg,3,3,0.00050354004,0.00047922134,0.00036430359,0.99169922,0.0011701584,0.00097751617,0.00019669533,0.0005440712,0.0042648315
20171025-095835-2.jpg,3,3,0.00065231323,0.00046777725,0.00059366226,0.99072266,0.00083494186,0.0004067421,0.00035381317,0.00051021576,0.0055885315
20180109-104840-2.jpg,8,8,0.00032639503,0.00018727779,0.00019192696,0.00059080124,0.00028371811,0.00052833557,0.00032424927,0.0013160706,0.99609375
20180109-094730-2.jpg,8,8,0.00017404556,9.8347664e-05,0.00011497736,0.00020158291,0.00026726723,0.00011444092,7.5221062e-05,0.00015163422,0.99902344
20171122-104414-1.jpg,5,5,0.00016605854,0.00026631355,0.00021958351,0.00022256374,0.00018382072,0.99609375,0.00012290478,0.00028896332,0.0025978088
20171025-074656-2.jpg,3,3,0.00063896179,0.00071954727,0.0005903244,0.99023438,0.00080108643,0.00051355362,0.0004196167,0.00056791306,0.0054512024
20170913-104834-1.jpg,3,3,0.00049972534,0.00028634071,0.00041127205,0.94189453,0.00274086,0.00023066998,0.00010746717,0.00044345856,0.053436279
20180109-103449-2.jpg,8,8,0.00026416779,0.00013875961,0.00050926208,0.00069046021,0.00061130524,0.0001462698,0.00075387955,0.00069475174,0.99609375
20170811-125033-2.jpg,0,0,0.99414062,0.00014102459,0.00011867285,0.00017881393,0.00017726421,0.00020730495,0.00012338161,0.00067710876,0.0041618347
20170210-141829-0.jpg,7,7,0.00041174889,0.00030136108,0.00013685226,0.00030755997,0.00011491776,0.00021612644,0.00019156933,0.99511719,0.0031833649
20180125-091108-1.jpg,8,8,6.0200691e-05,7.3671341e-05,5.5491924e-05,8.7618828e-05,6.7055225e-05,3.2782555e-05,7.1644783e-05,9.6440315e-05,0.99951172
20171219-102103-2.jpg,8,8,0.00015163422,0.00012898445,0.00010454655,0.00011450052,9.4234943e-05,9.1433525e-05,6.5326691e-05,0.00019991398,0.99902344
20170728-153722-3.jpg,8,4,0.00086784363,0.00027108192,0.00080728531,0.0014820099,0.96191406,0.00026535988,0.00027966499,0.00066518784,0.033630371
20180109-095320-1.jpg,8,8,0.0003798008,0.0002245903,7.969141e-05,0.00027561188,0.00010216236,8.2373619e-05,7.9572201e-05,0.0003452301,0.99853516
20180109-091959-1.jpg,8,8,0.00043559074,0.0002450943,9.5009804e-05,0.0001527071,0.00012147427,0.00014615059,0.00018048286,0.00059509277,0.99804688
20180109-072643-2.jpg,8,8,0.000426054,0.00037574768,0.0016126633,0.00076723099,0.0030956268,0.00019586086,0.0014629364,0.00098323822,0.99121094
20171219-095621-2.jpg,8,8,0.00037240982,0.00043034554,0.00013387203,0.00022065639,0.00010454655,0.00016152859,0.00013542175,0.00051116943,0.99804688
20170705-165013-0.jpg,7,7,0.00093460083,0.00062704086,0.00012022257,0.00040841103,0.00013124943,0.00014138222,0.00013172626,0.98388672,0.013839722
20170727-152746-1.jpg,4,4,0.00038218498,0.00015521049,0.00042796135,0.00040483475,0.99072266,0.00021755695,0.00020217896,0.00033688545,0.0070457458
20170913-121203-1.jpg,5,5,0.0018796921,0.00097846985,0.00037789345,0.0005106926,0.00035667419,0.98925781,0.00043559074,0.0008764267,0.0055580139
20180322-113953-1.jpg,8,8,0.00027632713,0.00025105476,9.4771385e-05,0.00020337105,8.3386898e-05,0.00011330843,7.6234341e-05,0.00032448769,0.99853516
20170727-130021-1.jpg,4,4,0.00042700768,0.00020265579,0.0011072159,0.00042581558,0.9921875,0.00023126602,0.00026464462,0.00039148331,0.0046958923
20180112-091711-1.jpg,8,8,0.00012141466,9.0360641e-05,8.1419945e-05,0.00013327599,0.00010538101,6.5743923e-05,8.1598759e-05,0.00019323826,0.99902344
20170811-134007-1.jpg,0,8,0.13427734,0.00021064281,0.00012117624,0.00016498566,0.00038814545,0.00013124943,8.5949898e-05,0.003036499,0.86181641
20180112-092243-1.jpg,8,8,0.00012141466,8.4400177e-05,7.0035458e-05,9.7453594e-05,8.9168549e-05,5.2690506e-05,6.711483e-05,0.00015985966,0.99902344
20170718-095159-2.jpg,0,0,0.98339844,0.00055456161,0.00019848347,0.00061130524,0.00027370453,0.0002412796,0.00024747849,0.00071001053,0.013969421
20180105-093630-2.jpg,8,8,0.00014460087,0.00013756752,0.00018012524,0.00016212463,0.00017035007,0.00012093782,0.0073356628,0.00022482872,0.99169922
20171219-113826-3.jpg,8,8,0.00022578239,0.0001322031,0.00014078617,0.00035715103,0.00013101101,8.9347363e-05,0.0030632019,0.00019788742,0.99560547
20170315-084854-0.jpg,8,8,0.00054264069,0.00057458878,0.00035524368,0.00065612793,0.00039100647,0.00025463104,0.00073814392,0.00046658516,0.99609375
20171220-082623-2.jpg,8,8,0.00022041798,0.00061798096,0.00017011166,0.00017642975,0.00012040138,0.00025677681,0.00017011166,0.00033712387,0.99804688
20180112-072227-2.jpg,8,8,0.0001885891,0.00012457371,7.1048737e-05,0.00049448013,0.00019907951,0.00015211105,0.00012731552,0.00015437603,0.99853516
20180322-103707-1.jpg,8,8,0.00021290779,0.00017476082,7.2717667e-05,0.00027322769,0.00010257959,8.0347061e-05,0.00024080276,0.00036668777,0.99853516
20171219-095011-2.jpg,8,8,0.00015497208,0.00013196468,0.00010919571,0.00017118454,5.1379204e-05,0.00017464161,0.00018358231,0.00016844273,0.99902344
20180112-102555-2.jpg,8,8,8.1241131e-05,7.8678131e-05,0.00017356873,0.00013446808,6.955862e-05,5.6326389e-05,6.043911e-05,0.00011056662,0.99902344
20171203-172356-3.jpg,8,8,0.00014543533,8.8334084e-05,0.00025463104,0.0001052022,0.0001090169,0.00010287762,0.00014638901,0.00023531914,0.99902344
20171220-083613-2.jpg,8,8,0.00034451485,0.00029969215,0.00013053417,0.00054693222,0.00010675192,0.0004940033,0.00019514561,0.00050926208,0.99755859
20180112-103630-1.jpg,8,8,0.00018131733,7.6413155e-05,0.00014865398,0.00011134148,0.00019776821,8.2015991e-05,0.00010502338,0.00021803379,0.99902344
20171218-115948-3.jpg,8,8,0.00019681454,0.00021183491,0.0001462698,0.00018489361,9.4115734e-05,0.00047421455,0.0001591444,0.00026011467,0.99804688
20180109-074634-2.jpg,8,8,0.00027441978,0.00018370152,0.0001591444,0.00017106533,0.00011384487,0.00013327599,0.00021231174,0.00027966499,0.99853516
20170811-115032-2.jpg,0,0,0.99072266,0.00052833557,0.0002989769,0.000202775,0.0002822876,0.00022685528,0.00026011467,0.0015478134,0.0060958862
20171025-091930-2.jpg,3,3,0.00068616867,0.00052309036,0.00056266785,0.99121094,0.00080633163,0.00048470497,0.00032567978,0.00072288513,0.0047836304
20171025-082705-1.jpg,0,0,0.98583984,0.00013172626,0.00014388561,0.00046849251,0.00021469593,0.00011473894,0.00013172626,0.00055170059,0.012580872
20180322-125348-1.jpg,8,8,6.7174435e-05,6.377697e-05,6.8247318e-05,0.00012433529,7.1585178e-05,8.6247921e-05,6.8724155e-05,0.00010281801,0.99951172
20180109-092247-1.jpg,8,8,0.00010412931,9.8109245e-05,5.4478645e-05,8.4102154e-05,5.8889389e-05,6.9737434e-05,0.0001373291,0.00020718575,0.99902344
20170705-164850-0.jpg,7,7,0.0008225441,0.00027418137,0.00015950203,0.00048446655,0.00015735626,0.000243783,0.00015437603,0.99121094,0.0064544678
20180112-074124-1.jpg,8,8,0.00013327599,0.00020718575,9.5129013e-05,0.00029969215,0.0001013875,0.00016117096,0.00014781952,0.00025606155,0.99853516
20180125-092304-1.jpg,8,8,5.7995319e-05,0.00010162592,5.030632e-05,0.00012779236,6.5505505e-05,4.5001507e-05,7.0214272e-05,9.1671944e-05,0.99951172
20180322-114326-2.jpg,8,8,8.6009502e-05,8.8989735e-05,6.4492226e-05,0.00011605024,7.5280666e-05,7.0393085e-05,7.0512295e-05,0.00015580654,0.99951172
20171113-135754-1.jpg,6,6,0.00020444393,0.00025773048,0.00024366379,0.00010740757,0.00023627281,0.00016188622,0.99609375,0.00022876263,0.002620697
20180112-094631-1.jpg,8,8,0.0001115799,0.00010383129,0.00010162592,0.00013446808,0.0001077652,9.7811222e-05,0.00011247396,0.0001502037,0.99902344
20180125-133300-3.jpg,8,8,8.4578991e-05,0.00012552738,8.559227e-05,9.6797943e-05,5.8412552e-05,5.4776669e-05,8.1956387e-05,0.00018787384,0.99902344
20170727-140127-1.jpg,4,4,0.00039100647,0.00022578239,0.00057220459,0.00051689148,0.98876953,0.00025057793,0.00025272369,0.00034403801,0.0084457397
20171025-074113-2.jpg,3,3,0.00063610077,0.00094556808,0.00062417984,0.99121094,0.0007185936,0.00045657158,0.00047302246,0.00055456161,0.0045394897
20170714-121905-2.jpg,1,1,0.00029587746,0.99511719,0.00018119812,0.00026941299,0.00019741058,0.00020992756,0.00031113625,0.00043702126,0.0027542114
20180105-092902-2.jpg,8,8,0.00023984909,0.00029802322,0.057434082,0.00013458729,0.0011196136,0.00015950203,0.0022163391,0.00038695335,0.93798828
20171121-075533-1.jpg,6,6,0.00018191338,0.0003027916,0.0001655817,0.00012081861,0.00023400784,8.9585781e-05,0.99560547,0.00018823147,0.0033226013
20171220-091741-3.jpg,8,8,0.00043511391,0.00028514862,0.00011998415,0.00030136108,0.00021731853,0.13818359,0.00019168854,0.00053977966,0.85986328
20180109-104530-1.jpg,8,8,0.00012898445,7.2419643e-05,9.6321106e-05,0.00013375282,0.00011974573,5.9843063e-05,9.7215176e-05,0.00030708313,0.99902344
20171220-084505-3.jpg,8,8,0.00014686584,0.00014555454,8.4877014e-05,0.00013101101,0.00010514259,0.00019264221,9.6678734e-05,0.00019562244,0.99902344
20171218-105136-3.jpg,8,8,0.00024032593,0.00023090839,0.0001308918,0.0001244545,8.7022781e-05,0.00033569336,0.00010883808,0.00031375885,0.99853516
20170811-133905-1.jpg,0,0,0.9921875,0.00022614002,0.0002399683,0.00019240379,0.00029468536,0.00022697449,0.00019872189,0.00077772141,0.0056915283
20171220-090425-3.jpg,8,8,0.0003528595,0.00021779537,0.00016021729,0.00063943863,0.00018680096,0.0001718998,0.00019216537,0.00042295456,0.99755859
20171121-072049-1.jpg,6,6,0.00016081333,0.00028944016,0.00013506413,7.1525574e-05,0.00023531914,0.00010639429,0.99609375,0.00019598007,0.0028572083
20170210-133124-0.jpg,0,0,0.99121094,0.00038909912,0.00035810471,0.00044775009,0.00043106079,0.00059604645,0.00034165382,0.00085926056,0.0054130554
20180112-082451-1.jpg,8,8,0.00022614002,0.0002104044,9.727478e-05,0.00038814545,0.00012266636,0.00013780594,0.00012922287,0.000415802,0.99804688
20170304-124131-0.jpg,0,0,0.99121094,0.00039339066,0.00046038628,0.00040817261,0.00057935715,0.00063276291,0.00035095215,0.0014448166,0.0043716431
20171220-101402-2.jpg,8,8,0.00014472008,0.00017797947,0.00010401011,9.9420547e-05,8.9287758e-05,0.00034856796,0.00010418892,0.0001758337,0.99853516
20171212-093512-3.jpg,8,8,0.00040340424,0.00030708313,0.00025939941,0.00022387505,0.00024938583,0.0002399683,9.739399e-05,0.00035214424,0.99804688
20170913-130341-3.jpg,5,5,0.001033783,0.00063180923,0.00054073334,0.00033450127,0.0014305115,0.98535156,0.00034022331,0.00053882599,0.0095901489
20180109-072059-1.jpg,8,8,0.00027537346,0.00012230873,0.0001052022,9.5546246e-05,7.1048737e-05,9.5129013e-05,0.00025510788,0.00027275085,0.99853516
20170727-125315-1.jpg,4,4,0.00055074692,0.00020360947,0.0014448166,0.00086927414,0.91308594,0.00020730495,0.00031113625,0.00057554245,0.082824707
20170913-103012-2.jpg,3,3,0.00036358833,0.00036454201,0.00027036667,0.99365234,0.00067090988,0.00058603287,0.00015032291,0.0003619194,0.0033664703
20170501-144825-0.jpg,6,8,0.00030016899,0.0011796951,0.00013458729,0.00031018257,0.00011903048,0.00016987324,0.021026611,0.00074195862,0.97607422
20170920-132131-2.jpg,2,2,0.00025415421,0.00021803379,0.99462891,0.00035691261,0.00074052811,0.00015950203,0.000218153,0.00024580956,0.0030784607
20180109-100332-1.jpg,8,8,0.00012242794,9.727478e-05,5.5789948e-05,0.00011193752,6.2763691e-05,7.7009201e-05,6.9439411e-05,0.0002655983,0.99902344
20171219-094230-2.jpg,8,8,0.0020427704,0.00046944618,0.00015842915,0.00035023689,0.00017821789,0.0002310276,0.00013852119,0.00031733513,0.99609375
20170811-125302-1.jpg,0,0,0.99414062,0.00019264221,0.00023603439,0.00026202202,0.00021898746,0.00039458275,6.1571598e-05,0.00047850609,0.0038700104
20171205-144929-2.jpg,8,8,0.00029158592,0.0047454834,0.00020468235,0.00035619736,0.00016069412,0.0032482147,0.00018310547,0.00035881996,0.99023438
20171220-094506-2.jpg,8,8,0.00024151802,0.00024843216,0.00011342764,0.00010591745,9.0241432e-05,0.00098609924,0.00012516975,0.00031447411,0.99755859
20170714-111017-1.jpg,1,1,0.0014247894,0.97998047,0.00047373772,0.0010919571,0.00045204163,0.00058078766,0.00079393387,0.0059127808,0.009147644
20170728-151426-1.jpg,4,4,0.00037479401,0.00014364719,0.00076198578,0.00040054321,0.99414062,0.00021195412,0.00019407272,0.00035214424,0.0036125183
20180105-101231-3.jpg,8,8,7.4565411e-05,5.7339668e-05,4.9769878e-05,4.8935413e-05,4.4822693e-05,5.787611e-05,0.00016975403,0.00011134148,0.99951172
20170718-132557-2.jpg,7,7,0.00098228455,0.0011138916,0.00026321411,0.00076007843,0.00026798248,0.00031685829,0.00025892258,0.99121094,0.0050163269
20180109-074946-2.jpg,8,8,0.0001219511,7.8320503e-05,0.00011479855,9.8705292e-05,8.2314014e-05,6.2227249e-05,0.00022888184,0.00014340878,0.99902344
20170727-152727-3.jpg,4,4,0.00039958954,0.00019741058,0.00089359283,0.00052642822,0.98925781,0.00028920174,0.0002887249,0.00037527084,0.0076522827
20170913-100725-3.jpg,5,5,0.00041747093,0.00035357475,0.0004992485,0.00057697296,0.00040102005,0.99023438,0.00044751167,0.00035047531,0.0065879822
20170128-102710-0.jpg,8,8,0.00065231323,0.0046195984,0.000259161,0.00063228607,0.00044226646,0.00025606155,0.00044608116,0.0005698204,0.9921875
20171109-092301-2.jpg,5,5,0.00021231174,0.00054073334,0.00028967857,0.00024199486,0.00025892258,0.99414062,0.00021672249,0.00037145615,0.0039215088
20171220-083902-3.jpg,8,8,0.00057029724,0.00019299984,0.000248909,0.00095701218,0.00023508072,0.00019109249,0.00012350082,0.00062656403,0.99707031
20170210-131858-0.jpg,0,0,0.89990234,0.0031089783,0.00046777725,0.00049972534,0.00056648254,0.00096893311,0.00065565109,0.086730957,0.006893158
20171205-124105-2.jpg,8,8,0.001871109,0.0014877319,0.00010049343,0.00031280518,0.0001578331,0.0018587112,0.00016283989,0.00020682812,0.99365234
20171102-115518-1.jpg,2,2,0.00030446053,0.00034785271,0.99169922,0.00037407875,0.00097560883,0.00030684471,0.00037741661,0.00052070618,0.0050926208
20170727-164023-1.jpg,4,4,0.010658264,0.00025844574,0.00074195862,0.0020656586,0.921875,0.00043201447,0.00029230118,0.0011377335,0.0625
20170410-153942-0.jpg,0,0,0.99121094,0.00017297268,0.00016856194,0.00014925003,0.00036001205,0.00030326843,0.00015282631,0.00057601929,0.0068702698
20170728-124050-3.jpg,4,4,0.0004901886,0.00028181076,0.00081062317,0.00059461594,0.99023438,0.00032329559,0.00026488304,0.00043582916,0.0063476562
20180109-095010-1.jpg,8,8,0.00020515919,0.00022089481,0.00010818243,0.00032949448,0.00011253357,0.00012671947,0.00010609627,0.00047802925,0.99853516
20180322-103838-1.jpg,8,8,0.00010752678,0.00010597706,5.7995319e-05,0.00014841557,8.4519386e-05,6.2286854e-05,6.3657761e-05,0.00015664101,0.99902344
20180112-101826-2.jpg,8,8,0.00013327599,0.00015246868,9.304285e-05,0.00012099743,6.7830086e-05,0.00025749207,9.9420547e-05,0.00020933151,0.99902344
20180105-100054-3.jpg,8,8,9.2804432e-05,7.1287155e-05,7.3671341e-05,8.5294247e-05,8.4638596e-05,7.301569e-05,0.00046682358,0.00017929077,0.99902344
20171113-142726-2.jpg,6,6,0.00029397011,0.00056648254,0.00018906593,0.0002348423,0.00027132034,0.00014996529,0.99365234,0.00024080276,0.0042533875
20170913-101108-2.jpg,3,3,0.0011787415,0.00056791306,0.00047445297,0.98925781,0.00075864792,0.0015830994,0.00029706955,0.00059747696,0.0054359436
20180105-100736-2.jpg,8,8,0.00086736679,0.0034637451,0.00033259392,0.00027561188,0.00036454201,0.00025057793,0.038513184,0.0083312988,0.94775391
20180112-072658-2.jpg,8,8,0.00033783913,0.00014424324,0.00012326241,0.00064373016,0.00017058849,0.00012624264,0.00010699034,0.00045752525,0.99804688
20180105-100350-2.jpg,8,8,0.00010150671,7.8380108e-05,0.00011622906,8.8632107e-05,0.00011402369,8.0108643e-05,0.00035119057,0.00021100044,0.99902344
20170906-094003-1.jpg,3,3,0.0016641617,0.0008430481,0.00057935715,0.96435547,0.0018053055,0.00037288666,0.00027990341,0.024475098,0.0058479309
20180112-092221-2.jpg,8,0,0.73632812,0.00017249584,0.00020635128,0.00024700165,0.00045132637,0.00015187263,0.00016391277,0.00074481964,0.26147461
20180322-125231-1.jpg,8,8,6.7293644e-05,6.3538551e-05,8.3684921e-05,0.00014591217,8.4578991e-05,7.5995922e-05,7.4088573e-05,0.00011384487,0.99951172
20171220-082832-3.jpg,8,8,0.00018465519,0.00013136864,0.00013327599,0.0002168417,0.00011003017,0.00013148785,7.4326992e-05,0.00031638145,0.99853516
20170727-152815-1.jpg,4,4,0.00028729439,9.9539757e-05,0.00035452843,0.00024914742,0.99365234,0.00013589859,0.00017142296,0.00024104118,0.0046577454
20180112-093616-2.jpg,8,8,0.00016880035,0.00014054775,8.9943409e-05,0.0001783371,7.7009201e-05,9.0122223e-05,7.9810619e-05,0.00019323826,0.99902344
20180125-100939-1.jpg,8,8,9.8705292e-05,7.4148178e-05,5.3465366e-05,7.8618526e-05,3.439188e-05,4.3034554e-05,4.36306e-05,8.893013e-05,0.99951172
20171102-093644-3.jpg,4,4,0.00039434433,0.00027537346,0.0005736351,0.00033307076,0.99072266,0.0002194643,0.0001680851,0.00034189224,0.0067443848
20180109-071916-2.jpg,8,8,9.7215176e-05,0.00012373924,0.00032377243,9.6082687e-05,0.00011366606,8.8632107e-05,0.00015866756,0.00026106834,0.99853516
20180109-085526-2.jpg,8,8,0.00020194054,0.00018560886,0.00010609627,0.00037837029,0.00011485815,0.00016629696,0.00013029575,0.00046801567,0.99804688
20170727-171545-1.jpg,4,4,0.00029420853,0.00012457371,0.00050067902,0.00029921532,0.99414062,0.00019586086,0.00019073486,0.00028038025,0.0040016174
20171102-122608-3.jpg,2,2,0.0002373457,0.00022983551,0.99414062,0.00022125244,0.00058078766,0.00018572807,0.00015938282,0.00028896332,0.0041275024
20180112-101055-2.jpg,8,8,0.00011879206,8.8095665e-05,8.7976456e-05,0.00013363361,7.8558922e-05,0.00011467934,6.2227249e-05,0.00018060207,0.99902344
20180322-120255-2.jpg,8,8,0.0001091361,9.4532967e-05,7.390976e-05,0.00015377998,7.1942806e-05,6.9618225e-05,7.6293945e-05,0.00017821789,0.99902344
20171113-141038-2.jpg,6,6,0.00015687943,0.00024628639,0.00015151501,7.4028969e-05,0.00021636486,0.00010347366,0.99658203,0.00021398067,0.0023021698
20180112-081428-2.jpg,8,8,0.00014805794,0.00011914968,6.9081783e-05,0.00087738037,8.1121922e-05,8.302927e-05,7.7605247e-05,0.00028848648,0.99804688
20170906-115121-1.jpg,3,3,0.0010223389,0.0011768341,0.00074243546,0.98388672,0.0019340515,0.00053787231,0.00034999847,0.0010938644,0.0091323853
20170130-102322-0.jpg,1,1,0.00054693222,0.99365234,0.00022661686,0.00040578842,0.00014007092,0.00035834312,0.00021481514,0.0012512207,0.0030860901
20180109-072227-2.jpg,8,8,0.0002553463,0.00020933151,0.0003554821,0.00027608871,0.00025510788,0.00019609928,0.00063228607,0.00060129166,0.99707031
20171217-100920-2.jpg,8,8,0.00024938583,0.0002040863,0.00013792515,0.00039029121,0.00015282631,0.00017976761,0.00016903877,0.00061750412,0.99804688
20171025-075448-2.jpg,3,3,0.0016279221,0.00098991394,0.00042939186,0.98974609,0.00068378448,0.00045824051,0.00022125244,0.0010232925,0.0047302246
20170920-120250-2.jpg,2,2,0.00037026405,0.00029158592,0.99316406,0.00035643578,0.00082302094,0.00021231174,0.00024580956,0.00041031837,0.0043144226
20180125-134744-3.jpg,8,8,0.00055456161,0.00034689903,0.00020051003,0.00025200844,0.00023198128,0.00012886524,0.00026297569,0.015396118,0.98242188
20180112-075719-2.jpg,8,8,0.00028395653,0.00010365248,7.4088573e-05,0.0012426376,0.00011998415,8.0883503e-05,4.7445297e-05,0.00086021423,0.99707031
20180322-111909-2.jpg,8,8,0.00019538403,0.00027775764,6.8724155e-05,0.0001745224,7.6532364e-05,9.1314316e-05,0.00019478798,0.00031900406,0.99853516
20170304-131652-0.jpg,7,7,0.00070381165,0.0013313293,0.00016272068,0.00037193298,0.00010019541,0.00021076202,0.00017523766,0.96826172,0.028839111
20170920-163751-3.jpg,2,2,0.00031161308,0.00020313263,0.99365234,0.00037574768,0.00058078766,0.00023198128,0.00019752979,0.00032258034,0.0042076111
20170727-094049-1.jpg,4,4,0.00086688995,0.00022494793,0.0098114014,0.011619568,0.5234375,0.00041627884,0.00026512146,0.00051403046,0.45288086
20170714-110747-2.jpg,1,1,0.00025177002,0.99560547,0.00015449524,0.00044679642,0.00012421608,0.00023841858,0.00019156933,0.00059127808,0.0025310516
20170714-120906-2.jpg,1,1,0.00064086914,0.99365234,0.00025701523,0.00069141388,0.00026297569,0.0002925396,0.00024843216,0.00079917908,0.0031490326
20180109-080430-1.jpg,8,8,0.00015389919,0.00011897087,0.00010192394,0.00018954277,0.0001308918,0.00014972687,0.00059890747,0.00027942657,0.99804688
20180322-104233-1.jpg,8,8,0.00011414289,9.5129013e-05,5.9783459e-05,0.00012362003,7.6651573e-05,5.531311e-05,5.7995319e-05,0.00014531612,0.99951172
20170217-120141-0.jpg,0,0,0.99267578,0.00042271614,0.00022602081,0.00025463104,0.00017297268,0.00021064281,0.00025272369,0.0011377335,0.0046043396
20180112-093540-2.jpg,8,8,0.00029325485,0.00021255016,9.3460083e-05,0.00050020218,0.0001257658,0.0001386404,0.0001154542,0.00090456009,0.99755859
20171218-104412-3.jpg,8,8,0.00051259995,0.00077962875,0.00016331673,0.00025415421,0.0001322031,0.047637939,0.00068664551,0.00053834915,0.94921875
20170217-144231-0.jpg,7,7,0.00083398819,0.00052213669,0.00018107891,0.00041508675,0.00018596649,0.0003657341,0.00020420551,0.99365234,0.0035419464
20171220-101928-2.jpg,8,8,0.00016486645,0.00026297569,0.00011968613,9.9897385e-05,9.8764896e-05,0.00023305416,0.00012779236,0.00023424625,0.99853516
20171220-100932-2.jpg,8,8,0.00015187263,0.00012373924,0.00015950203,0.00025296211,0.00011277199,0.00027561188,6.7532063e-05,0.0002644062,0.99853516
20180109-090632-2.jpg,8,8,0.00024068356,0.00019311905,0.00012278557,0.00041556358,0.00011074543,0.00012993813,0.00012505054,0.00037288666,0.99804688
20180112-081326-2.jpg,8,8,0.00040149689,0.00032997131,0.00016653538,0.00070524216,0.00055789948,0.0001103282,0.00010466576,0.00033807755,0.99707031
20180125-092138-2.jpg,8,8,0.00014746189,0.00014138222,7.8201294e-05,0.00013232231,8.2433224e-05,8.6665154e-05,7.8678131e-05,0.00021195412,0.99902344
20170714-143003-2.jpg,1,1,0.00027346611,0.99462891,0.00016105175,0.00024843216,0.00017631054,0.0001360178,0.00021696091,0.00060892105,0.0035076141
20170811-133311-2.jpg,0,0,0.99462891,0.00020217896,0.00020945072,0.00030565262,0.00038075447,0.00026369095,0.00022244453,0.00035905838,0.0034427643
20180125-131649-2.jpg,8,8,0.00025725365,0.00016283989,5.5015087e-05,7.390976e-05,5.7458878e-05,8.6069107e-05,5.2332878e-05,0.00019109249,0.99902344
20171025-081120-1.jpg,3,3,0.0005235672,0.00031876564,0.00031113625,0.9921875,0.00041460991,0.00025177002,0.00025129318,0.00042295456,0.0054893494
20170729-092850-2.jpg,4,4,0.00044679642,0.00025582314,0.0009431839,0.0005402565,0.98681641,0.00021004677,0.00026249886,0.00043654442,0.0099716187
20171220-095307-1.jpg,8,8,0.00017106533,0.00012147427,9.0360641e-05,0.00025129318,8.3804131e-05,0.00019907951,8.6903572e-05,0.0002644062,0.99853516
20180112-094620-1.jpg,8,8,0.00013256073,0.00013554096,0.00013494492,9.983778e-05,0.00016891956,0.0001513958,0.00029730797,0.000202775,0.99853516
20180322-111500-2.jpg,8,8,0.00012010336,9.0479851e-05,6.4373016e-05,0.00016450882,7.5221062e-05,8.0943108e-05,7.2002411e-05,0.00017857552,0.99902344
20171219-112554-2.jpg,8,8,0.00016355515,0.00011432171,6.622076e-05,0.0002887249,9.5248222e-05,6.8187714e-05,0.00016796589,0.00023770332,0.99902344
20171025-081141-2.jpg,3,3,0.00063705444,0.00049686432,0.00055551529,0.99072266,0.00081777573,0.00043725967,0.0003619194,0.00060987473,0.0053749084
20180109-072211-1.jpg,8,8,0.00014984608,0.00016546249,0.00010687113,0.00017023087,0.00012791157,9.7215176e-05,0.0013465881,0.00020122528,0.99755859
20170706-130046-3.jpg,1,1,0.00037765503,0.99072266,0.00021982193,0.00049066544,0.00023269653,0.00041913986,0.00045371056,0.00078296661,0.0064620972
20170920-191854-1.jpg,2,2,0.00029802322,0.00028467178,0.99316406,0.00028753281,0.00087451935,0.00021922588,0.00023722649,0.00032877922,0.0040626526
20171218-115542-3.jpg,8,8,0.00099277496,0.00016832352,0.00012910366,0.0001335144,6.4134598e-05,0.00032186508,7.8856945e-05,0.0003349781,0.99755859
20170715-123221-1.jpg,1,1,0.00031471252,0.99414062,0.00021636486,0.00039196014,0.00015878677,0.00020003319,0.00023090839,0.00038838387,0.0041999817
20180125-132650-2.jpg,8,8,0.00014472008,0.00010055304,7.4267387e-05,0.00014317036,6.955862e-05,7.7307224e-05,6.633997e-05,0.00019299984,0.99902344
20171121-081448-2.jpg,6,6,0.00045371056,0.00070333481,0.00047683716,0.00055503845,0.00048232079,0.00025820732,0.97705078,0.00064611435,0.019577026
20171218-121121-3.jpg,8,8,0.00016582012,0.0002720356,0.00012183189,0.00087785721,0.00010865927,0.00036859512,0.00015628338,0.000202775,0.99755859
20171113-142658-2.jpg,6,6,0.00020670891,0.00045490265,7.8260899e-05,0.00012862682,0.00014460087,0.00014948845,0.99560547,0.0001591444,0.0031013489
20171220-084657-2.jpg,8,8,0.00019836426,0.00046181679,0.00015223026,0.00028657913,0.00012278557,0.00024461746,0.00014293194,0.00031065941,0.99804688
20171109-092137-2.jpg,5,5,0.00032353401,0.0004196167,0.00031876564,0.00026869774,0.0002951622,0.99365234,0.00032353401,0.00040459633,0.0038833618
20171220-101206-1.jpg,8,8,0.00014841557,0.00012791157,0.00015616417,0.00031018257,0.00011408329,0.00014162064,5.5015087e-05,0.00017893314,0.99853516
20171220-101329-2.jpg,8,8,0.00020039082,0.00025820732,0.00019025803,0.0001950264,9.3400478e-05,0.00026631355,9.6738338e-05,0.00022470951,0.99853516
20171203-171940-3.jpg,8,8,0.00020241737,0.00011366606,0.00015950203,0.00023365021,0.00018191338,0.00011610985,8.7738037e-05,0.00022399426,0.99853516
20170913-104325-2.jpg,3,3,0.00028157234,0.00031423569,0.00025439262,0.99511719,0.00035142899,0.00033831596,0.00012671947,0.0002746582,0.0029811859
20171212-103637-3.jpg,8,8,0.00058698654,0.046936035,0.00021445751,0.00040960312,0.00013685226,0.0003490448,0.00035476685,0.00089550018,0.95019531
20171113-132706-3.jpg,6,6,0.00043654442,0.00078868866,0.00067853928,0.00030732155,0.0020122528,0.00021123886,0.96777344,0.00073099136,0.026931763
20171212-095853-3.jpg,8,8,0.00024163723,0.00037193298,0.00038576126,0.00023174286,0.00012540817,0.00021791458,0.0001231432,0.00026726723,0.99804688
20170729-153129-3.jpg,4,4,0.0011959076,0.00038146973,0.0039520264,0.0012254715,0.51171875,0.0015029907,0.00051736832,0.00076913834,0.47875977
20171212-103306-3.jpg,8,8,0.00036668777,0.00052070618,0.00014352798,0.00015091896,0.00014483929,0.00016653538,0.00022852421,0.00045013428,0.99804688
20170920-111202-2.jpg,2,2,0.00033903122,0.000233531,0.99316406,0.00042557716,0.00098419189,0.00017940998,0.00017690659,0.00035905838,0.0042037964
20180105-095213-2.jpg,8,8,0.00015509129,0.00010877848,0.00012218952,0.00068950653,0.00030422211,8.8870525e-05,0.00051593781,0.00020110607,0.99804688
20170727-125159-1.jpg,4,4,0.00051498413,0.00019431114,0.00083208084,0.00075864792,0.97607422,0.00022768974,0.00029730797,0.00040578842,0.020812988
20170126-100221-0.jpg,1,1,0.00025224686,0.99072266,0.00012350082,0.00035524368,0.0001308918,0.00034928322,0.00023937225,0.00034689903,0.0075798035
20171109-074159-1.jpg,5,5,0.00025486946,0.0003221035,0.00018548965,0.00017786026,0.00015163422,0.99414062,0.00016176701,0.00043296814,0.0041007996
20171102-115438-1.jpg,2,2,0.00030112267,0.00027155876,0.99169922,0.00028038025,0.0012760162,0.00027418137,0.00031661987,0.00040650368,0.004989624
20170728-124106-2.jpg,4,4,0.00044465065,0.00027108192,0.0012426376,0.00073671341,0.98876953,0.00038671494,0.00031518936,0.00049448013,0.0074234009
20170728-151857-1.jpg,8,8,0.00036597252,0.00012755394,0.00025057793,0.00025057793,0.014533997,9.6023083e-05,0.0002052784,0.0002810955,0.98388672
20180112-075353-2.jpg,8,8,0.00011897087,0.00016880035,0.00010591745,0.0022907257,0.0001231432,0.0001322031,9.1910362e-05,0.00045180321,0.99658203
20180125-095038-2.jpg,8,8,9.9897385e-05,5.2034855e-05,8.559227e-05,0.00011175871,6.0260296e-05,7.891655e-05,9.2029572e-05,0.00014579296,0.99951172
20170920-094406-1.jpg,2,2,0.0002348423,0.00027394295,0.9921875,0.00015282631,0.00075006485,0.00016617775,0.00019776821,0.00025129318,0.0058364868
20180112-100602-1.jpg,8,8,0.00013434887,0.00012183189,8.5830688e-05,0.00012135506,0.00010627508,9.4354153e-05,0.00012898445,0.00021100044,0.99902344
20171212-095453-1.jpg,8,8,0.00019681454,0.00021350384,0.00019800663,0.00038075447,0.00015151501,0.0002784729,0.00012505054,0.00034427643,0.99804688
20180109-094756-2.jpg,8,8,0.00037765503,0.0002477169,0.00011008978,0.00056886673,0.00012397766,0.00022637844,0.00039148331,0.00086402893,0.99707031
20180125-134840-2.jpg,8,8,0.00011450052,5.9366226e-05,5.9485435e-05,0.00012898445,0.00015676022,8.9943409e-05,0.00011360645,0.00016641617,0.99902344
20180119-111304-1.jpg,8,8,0.00012540817,0.00031089783,7.4326992e-05,8.1896782e-05,7.3313713e-05,0.00010973215,0.0001989603,0.00022375584,0.99902344
20170217-143614-0.jpg,7,7,0.00062894821,0.00028061867,0.0001360178,0.00024986267,0.0001103282,0.00022506714,0.00016343594,0.99462891,0.0035629272
20170210-132011-0.jpg,7,7,0.00064563751,0.0004196167,0.00019526482,0.00036287308,0.00013375282,0.00031352043,0.00019562244,0.99365234,0.00390625
20180119-113357-2.jpg,8,8,0.00013446808,0.00029468536,6.1511993e-05,6.2704086e-05,6.2465668e-05,0.00011527538,9.7990036e-05,0.00021600723,0.99902344
20171113-115844-1.jpg,6,6,0.00010794401,0.00018882751,0.00020134449,8.136034e-05,0.00023555756,0.00014674664,0.99707031,0.00016498566,0.0016918182
20170627-103545-0.jpg,0,0,0.98925781,0.00066661835,0.00034451485,0.00042581558,0.00032734871,0.00071954727,0.00027298927,0.0023460388,0.0054244995
20180322-133646-1.jpg,8,8,8.3267689e-05,7.0214272e-05,8.636713e-05,0.00051641464,0.00012624264,7.5042248e-05,7.4028969e-05,9.5188618e-05,0.99902344
20170727-154914-1.jpg,4,4,0.00029325485,0.00012779236,0.00061416626,0.00035810471,0.99169922,0.00016474724,0.00018072128,0.00027012825,0.0062103271
20180119-114516-1.jpg,8,8,7.3730946e-05,0.00011241436,6.9439411e-05,6.2346458e-05,5.1319599e-05,8.8572502e-05,0.00015521049,0.00017476082,0.99902344
20170210-133817-0.jpg,0,8,0.049377441,0.0031108856,0.00025463104,0.00036406517,0.00015413761,0.0018339157,0.00023877621,0.050354004,0.89453125
20170920-180555-1.jpg,2,2,0.0002259016,0.00031542778,0.99414062,0.00026416779,0.00059127808,0.00019562244,0.00026273727,0.00031328201,0.0037746429
20170718-094738-2.jpg,0,0,0.9921875,0.00034213066,0.00013065338,0.00034594536,0.00019061565,0.00019454956,0.0001013279,0.00097036362,0.0053482056
20170127-102832-0.jpg,1,1,0.00039434433,0.99169922,0.00017547607,0.00062704086,0.00014996529,0.00026011467,0.00027394295,0.0009803772,0.0051956177
20180105-100301-3.jpg,8,8,8.4638596e-05,7.0929527e-05,8.4638596e-05,7.5340271e-05,9.6917152e-05,6.7651272e-05,0.00082969666,0.00012981892,0.99853516
20171220-092636-2.jpg,8,8,0.00082015991,0.00041246414,0.00018465519,0.0002951622,0.00019478798,0.00070428848,0.00013267994,0.0006070137,0.99658203
20170210-131005-0.jpg,7,7,0.022521973,0.002614975,0.00089597702,0.0015211105,0.00046944618,0.00038909912,0.0029296875,0.78173828,0.18676758
20180125-101917-1.jpg,8,8,7.301569e-05,8.9406967e-05,7.1942806e-05,9.3817711e-05,5.364418e-05,7.8141689e-05,0.00012636185,0.00014173985,0.99951172
20180322-120923-2.jpg,8,8,0.00011152029,0.00011461973,5.2809715e-05,0.00014162064,6.377697e-05,8.0943108e-05,7.5757504e-05,0.00021326542,0.99902344
20170728-152036-1.jpg,4,4,0.00046467781,0.00016307831,0.00064325333,0.00046849251,0.99365234,0.00025439262,0.00022733212,0.00038957596,0.0037784576
20180109-100914-1.jpg,8,8,0.00023365021,0.00014722347,8.6426735e-05,0.00015842915,8.5473061e-05,7.8201294e-05,0.00015687943,0.00049161911,0.99853516
20171025-090914-2.jpg,3,3,0.00060749054,0.00052881241,0.00078105927,0.99072266,0.0010528564,0.00038003922,0.00041484833,0.00065135956,0.0046386719
20171219-113248-3.jpg,8,8,0.00017940998,0.00011670589,0.00015187263,0.00010573864,0.0001283884,9.0122223e-05,0.00016379356,0.00022578239,0.99902344
20180322-111238-2.jpg,8,8,0.00010633469,7.5399876e-05,5.4478645e-05,0.00011664629,6.0141087e-05,7.379055e-05,6.3717365e-05,0.0001718998,0.99951172
20170913-102722-2.jpg,3,3,0.00023257732,0.00020730495,0.00023794174,0.99609375,0.00030755997,0.00049448013,0.00011527538,0.00026750565,0.0020179749
20171102-123636-2.jpg,2,2,0.00039362907,0.00018823147,0.98779297,0.00041508675,0.002866745,0.00023412704,0.00019526482,0.00037145615,0.007396698
20180112-093104-2.jpg,8,8,0.00017035007,0.00017523766,8.8691711e-05,0.00013113022,7.5817108e-05,0.00012338161,8.1777573e-05,0.00028514862,0.99902344
20170920-113351-3.jpg,2,2,0.00026297569,0.00023424625,0.99414062,0.00033402443,0.00088834763,0.0002425909,0.00027275085,0.00031542778,0.0031776428
20180322-104542-1.jpg,8,8,0.00010281801,8.9585781e-05,6.6697598e-05,0.00013530254,8.970499e-05,4.8220158e-05,5.3584576e-05,0.00014162064,0.99951172
20171220-100938-1.jpg,8,8,0.00013720989,0.00020337105,0.00016391277,0.00027275085,0.0001155138,0.00020742416,0.00011283159,0.00026130676,0.99853516
20180112-101658-1.jpg,8,8,0.00023293495,0.00017774105,9.8884106e-05,0.00017595291,0.00011825562,0.00014853477,0.00014519691,0.00044441223,0.99853516
20170304-123600-0.jpg,7,0,0.99316406,0.00033140182,0.0001527071,0.00019693375,0.0001565218,0.00023567677,0.00014328957,0.0006980896,0.005153656
20170714-143606-2.jpg,1,1,0.00040721893,0.98828125,0.00016248226,0.00049543381,0.00016665459,0.00027179718,0.00040602684,0.0019054413,0.0081329346
20180322-103910-1.jpg,8,8,9.8288059e-05,9.7453594e-05,7.7843666e-05,0.00014519691,0.00010842085,8.1896782e-05,7.390976e-05,0.00015509129,0.99902344
20180125-134424-3.jpg,8,8,0.00059223175,0.00028586388,0.00015115738,0.00029325485,0.00043606758,0.0001347065,0.00025820732,0.015808105,0.98193359
20180125-094943-2.jpg,8,8,6.7472458e-05,4.6133995e-05,5.453825e-05,0.00010514259,3.361702e-05,7.0750713e-05,5.6922436e-05,8.3148479e-05,0.99951172
20180105-095839-2.jpg,8,8,0.00022435188,0.00035309792,0.0002399683,0.00021076202,0.00021958351,0.00020110607,0.024124146,0.0012331009,0.97314453
20171113-133241-3.jpg,6,6,0.00012612343,0.00023281574,0.00014579296,0.00011670589,0.00020289421,9.9539757e-05,0.99414062,0.00031924248,0.0046653748
20170210-132630-0.jpg,0,0,0.9921875,0.00049161911,0.0003349781,0.00026726723,0.00047397614,0.00041007996,0.00038266182,0.00074481964,0.0049285889
20180322-112703-2.jpg,8,8,0.00011044741,8.5771084e-05,7.2717667e-05,0.00011575222,7.4505806e-05,7.2479248e-05,6.9379807e-05,0.0001745224,0.99902344
20180125-133446-2.jpg,8,8,8.4996223e-05,5.9962273e-05,5.8412552e-05,7.7307224e-05,4.8220158e-05,5.4776669e-05,5.4180622e-05,0.00012850761,0.99951172
20171113-124152-3.jpg,6,6,0.00020027161,0.00027990341,0.00021469593,0.00011235476,0.00021278858,8.1479549e-05,0.99316406,0.00021839142,0.00573349
20171219-094215-2.jpg,8,8,0.00020706654,0.00030660629,9.4056129e-05,0.00011026859,5.6445599e-05,0.00015366077,0.00012850761,0.00016617775,0.99853516
20171025-082439-1.jpg,0,0,0.99511719,0.0001180172,0.0001411438,0.00016450882,0.00020194054,0.0001591444,0.00015771389,0.0013237,0.0024719238
20170210-134107-0.jpg,0,0,0.99169922,0.0003092289,0.00019443035,0.00032186508,0.00029325485,0.00030112267,0.00025033951,0.0021800995,0.00440979
20180322-114119-1.jpg,8,8,8.815527e-05,5.8531761e-05,6.7532063e-05,0.0001500845,6.9200993e-05,9.0420246e-05,6.5982342e-05,0.00015580654,0.99902344
20171025-090234-2.jpg,3,3,0.00072526932,0.00065517426,0.00071430206,0.98974609,0.0011901855,0.00050878525,0.00034832954,0.00070953369,0.005241394
20170920-163540-3.jpg,2,2,0.00017261505,0.00016486645,0.99365234,0.00020122528,0.00045418739,0.00013744831,0.00014781952,0.0001796484,0.0048828125
20170727-111940-1.jpg,4,4,0.00024068356,0.00018787384,0.0010414124,0.00030016899,0.99316406,0.00026941299,0.00034284592,0.00031638145,0.0039749146
20171113-120812-3.jpg,6,6,0.00030493736,0.00049638748,0.00029587746,0.00021588802,0.0004761219,0.00019574165,0.96240234,0.00046420097,0.035247803
20170210-141939-0.jpg,7,7,0.0018405914,0.00079727173,0.00064849854,0.0018730164,0.00052690506,0.00068330765,0.00044155121,0.98193359,0.011276245
20161207-111159-0.jpg,0,0,0.98779297,0.00082826614,0.00051736832,0.00069379807,0.000685215,0.00072813034,0.00075817108,0.0012331009,0.006893158
20170217-114849-0.jpg,7,7,0.0039291382,0.0013885498,0.0014133453,0.0015058517,0.0007519722,0.00092840195,0.0010995865,0.97607422,0.012702942
20170410-154812-0.jpg,0,0,0.86914062,0.00025582314,0.00018107891,0.00043129921,0.00022923946,0.00065469742,0.00010854006,0.0052909851,0.12371826
20180112-102111-2.jpg,8,8,0.00039410591,0.00019836426,0.00022637844,0.00043678284,0.00026893616,0.00011903048,0.00053501129,0.00072383881,0.99707031
20171102-122956-3.jpg,2,2,0.00022816658,0.000243783,0.99414062,0.00026607513,0.00066184998,0.00023210049,0.00021660328,0.00029230118,0.0036277771
20170729-093352-2.jpg,4,4,0.00032162666,0.00016927719,0.00072145462,0.00044775009,0.99316406,0.00022828579,0.00021994114,0.00033545494,0.004447937
20171109-093358-1.jpg,5,5,0.00036978722,0.0011014938,0.00034475327,0.00041174889,0.00036597252,0.99121094,0.00022876263,0.0008482933,0.0050354004
20170714-120638-2.jpg,1,1,0.00062608719,0.97314453,0.00017237663,0.00083017349,0.00052404404,0.00022006035,0.0006403923,0.0008354187,0.02293396
20171212-100306-1.jpg,8,8,0.00015544891,0.00026798248,0.00010216236,0.00014340878,8.815527e-05,0.00017881393,0.00014841557,0.00025510788,0.99853516
20171218-112712-3.jpg,8,8,0.00016844273,0.00017225742,8.3088875e-05,0.00015413761,8.5532665e-05,0.00034928322,0.00014019012,0.00025701523,0.99853516
20180119-111418-1.jpg,8,8,9.1969967e-05,0.00046825409,6.6757202e-05,5.6326389e-05,7.7724457e-05,0.00014185905,0.00034689903,0.00014162064,0.99853516
20170718-100224-2.jpg,0,0,0.94970703,0.0037498474,0.0011463165,0.0029811859,0.0049591064,0.00094556808,0.00036811829,0.0052337646,0.030838013
20180119-114953-1.jpg,8,8,0.00014400482,0.00027680397,0.00011116266,8.7022781e-05,7.9393387e-05,8.0764294e-05,0.00073051453,0.00037765503,0.99804688
20171113-144510-3.jpg,6,6,0.00020718575,0.00039315224,7.3730946e-05,0.00011390448,0.0001282692,0.000177145,0.99511719,0.00019872189,0.0037460327
20180109-070147-1.jpg,8,8,8.7440014e-05,8.5771084e-05,7.1108341e-05,0.0001026392,5.5372715e-05,8.4996223e-05,0.00014781952,0.00015687943,0.99902344
20170714-111155-1.jpg,1,1,0.00086450577,0.97021484,0.00019776821,0.00049257278,0.00017797947,0.00035667419,0.00025749207,0.0010728836,0.026321411
20171109-092528-3.jpg,5,5,0.00023961067,0.00038146973,0.00020265579,0.00021076202,0.00020265579,0.99511719,0.00020205975,0.00030207634,0.0029525757
20180112-075810-2.jpg,8,8,0.00016033649,0.00014686584,8.7022781e-05,0.00044679642,0.00011056662,8.7738037e-05,9.0777874e-05,0.0004632473,0.99853516
20180125-101713-1.jpg,8,8,6.2704086e-05,4.9412251e-05,7.8678131e-05,9.3638897e-05,5.8233738e-05,6.1571598e-05,9.5307827e-05,0.00010693073,0.99951172
20170920-120035-2.jpg,2,2,0.00019717216,0.00025129318,0.99462891,0.00019776821,0.0005979538,0.00017738342,0.00026798248,0.00027036667,0.0032596588
20170129-104023-0.jpg,8,8,0.00035047531,0.0002515316,0.00038838387,0.00040912628,0.00021028519,0.00019240379,0.00010150671,0.00022304058,0.99804688
20180105-092141-3.jpg,8,8,0.00011962652,0.00011086464,8.0645084e-05,0.00014650822,9.2804432e-05,0.0001103878,0.0010175705,0.00023722649,0.99804688
20180109-072910-1.jpg,8,8,0.00010275841,9.6976757e-05,0.0001039505,0.00011110306,0.00011736155,9.1552734e-05,0.00080871582,0.00019216537,0.99853516
20170410-154238-0.jpg,0,0,0.95654297,0.000248909,0.00015044212,0.00018715858,0.00015187263,0.0013132095,6.3061714e-05,0.020812988,0.020294189
20170207-142652-0.jpg,7,7,0.070739746,0.0047035217,0.00068807602,0.004524231,0.00034880638,0.0014266968,0.00048971176,0.74853516,0.16833496
20171220-095051-2.jpg,8,8,0.00014865398,0.00020039082,0.00012552738,0.0001963377,9.1671944e-05,0.0004799366,0.00010049343,0.00022947788,0.99853516
20180322-113737-2.jpg,8,8,0.00015628338,0.00013148785,6.3836575e-05,0.00017607212,5.6684017e-05,0.00013566017,9.8764896e-05,0.00020480156,0.99902344
20180109-080620-2.jpg,8,8,9.5129013e-05,0.00012624264,0.00014042854,0.0001437664,0.00016689301,9.6321106e-05,0.00057888031,0.0003182888,0.99853516
20171113-150716-3.jpg,6,6,0.00014877319,0.00034880638,0.00020945072,0.00011783838,0.00029540062,0.00018715858,0.99560547,0.00034832954,0.0025882721
20171220-083237-2.jpg,8,8,0.0011434555,0.00018262863,0.00029373169,0.00056600571,0.0002477169,0.00011259317,0.00015115738,0.0011835098,0.99609375
20180112-091629-1.jpg,8,8,0.00054597855,0.00020086765,6.8187714e-05,0.00013434887,0.00011092424,6.54459e-05,9.4294548e-05,0.0021018982,0.99658203
20180109-075647-2.jpg,8,8,0.006526947,0.0061836243,0.0022411346,0.0015707016,0.0017232895,0.00082397461,0.029556274,0.0082702637,0.94287109
20171203-173928-3.jpg,8,8,0.0001899004,0.000623703,9.0658665e-05,0.00029325485,0.00011491776,0.0001680851,0.00027489662,0.00013804436,0.99804688
20171203-164319-3.jpg,8,8,0.0001091361,0.00017797947,6.5624714e-05,0.00012850761,8.3565712e-05,8.3744526e-05,5.9902668e-05,0.00014233589,0.99902344
